0.9991549253463745, 0.00000583305200052564, 0.000004894000085187145, 3.742969045816835e-9, 9.059781405085232e-7, 0.0008335249731317163, 4.0061567396776354e-9
0.980101466178894, 0.000017492520782980137, 0.000010386302164988592, 6.732931101538497e-9, 8.295870657093474e-7, 0.019869431853294373, 4.5659067637870976e-8
0.7904224991798401, 0.0047833966091275215, 0.000020333618522272445, 0.000001331999669673678, 0.00003379452391527593, 0.20473869144916534, 1.6877450548236084e-8
0.9926732778549194, 0.0016120168147608638, 0.000007514285698562162, 4.804092124111037e-10, 0.000005459926342155086, 0.005701927002519369, 8.818714647418346e-9
0.9852935075759888, 0.00042980260332114995, 0.00009497522842139006, 1.78292992814022e-7, 0.00003564459620974958, 0.014132174663245678, 0.000013704043340112548
0.9999022483825684, 0.000025008517695823684, 0.000002440325488350936, 2.961932088485497e-11, 2.9497627451746666e-8, 0.00007022503268672153, 4.98786647540328e-8
0.9984486699104309, 0.000004282484951545484, 0.000009172091267828364, 6.647788985958414e-10, 3.442424301169922e-8, 0.001538097974844277, 2.3273244664778758e-8
0.9917681217193604, 0.000006079372269596206, 0.00001003273791866377, 7.809001778547042e-10, 4.5341032262058434e-8, 0.008216035552322865, 3.0672706596845956e-9
0.9992538094520569, 0.000021368279703892767, 0.00000822128731670091, 4.109937634666494e-8, 0.000007623808414791711, 0.0007079922943376005, 9.014499369186524e-7
0.9999384880065918, 0.000030446952223428525, 1.6455145157578954e-7, 4.032369715911699e-10, 2.3086094813606906e-7, 0.0000309057577396743, 2.782213570640124e-9
0.9999423027038574, 0.000035783978091785684, 0.0000020645459244406084, 9.85953874099721e-10, 0.0000013552859172705212, 0.000018502247257856652, 4.691333899131678e-8
0.9981482625007629, 0.0012613184517249465, 0.0000034732909170998028, 2.686920197447762e-8, 0.00008729520777706057, 0.0004995385534130037, 1.4952726701267238e-7
0.9321436285972595, 0.00008545617311028764, 0.0000795978558016941, 1.6883275577583845e-7, 0.00003488112997729331, 0.06765496730804443, 0.0000012593558267326443
0.9996433854103088, 0.00006366839807014912, 2.1186226106806316e-9, 8.678247565008235e-10, 0.0000021881469365325756, 0.0002906805893871933, 2.6275521758378773e-9
0.9988953471183777, 0.00015171557606663555, 8.712389103493479e-7, 9.938124989616881e-9, 0.000002768219474091893, 0.0009491334203630686, 2.998594084147044e-7
0.9996730089187622, 0.00019453077402431518, 0.000014014884072821587, 6.387365658611088e-8, 0.00002250587749585975, 0.00009556255099596456, 1.671963474336735e-7
0.9999780654907227, 0.000011742358765332028, 1.8575545368548774e-7, 4.1518205540214126e-10, 5.16047066412284e-7, 0.00000968171934800921, 1.8428316650442866e-8
0.9997723698616028, 0.000009013712769956328, 0.00001208842786581954, 5.14355178893311e-7, 0.00001943937604664825, 0.00018648944387678057, 2.1846611275577743e-7
0.9999003410339355, 0.0000436794689449016, 0.000001131140948018583, 7.833103943255537e-9, 0.0000056015678637777455, 0.000049260121159022674, 7.67462609019276e-8
0.9988460540771484, 0.000039035581721691415, 0.00009295620839111507, 0.000006012724497850286, 0.00011260148312430829, 0.0008769231499172747, 0.000026325482394895516
0.9810702800750732, 0.000013309926544025075, 0.000014173340787237976, 2.6748376846796873e-9, 1.9933722228415718e-7, 0.018900191411376, 0.0000016637782209727447
0.9993907809257507, 0.000008568650628149044, 0.00002620952727738768, 1.8059249384805298e-7, 0.000002688746462808922, 0.0005711994017474353, 2.764083433248743e-7
0.40976837277412415, 0.00004020064807264134, 0.000012676896403718274, 7.091141895898545e-8, 3.9212821434375655e-7, 0.5901626944541931, 0.000015552981494693086
0.9991254210472107, 0.0000011455115327407839, 4.5350083155426546e-7, 5.758521215426526e-9, 1.990917581906615e-7, 0.0008728897664695978, 7.138446278531774e-9
0.9189945459365845, 0.00014106389426160604, 0.00008439705561613664, 5.197128416511987e-7, 0.000009147218406724278, 0.08076928555965424, 0.0000012298182809900027
0.4741140604019165, 0.00026896438794210553, 0.0006963918567635119, 2.4892719352465065e-7, 0.000008092132702586241, 0.5249070525169373, 0.000005202270131121622
0.9622422456741333, 0.0005384887917898595, 0.00009103593038162217, 8.359319281225908e-7, 0.00004448905383469537, 0.03708210960030556, 9.096579560718965e-7
0.999964714050293, 0.000006815476353949634, 2.307135673618177e-7, 5.448188566958834e-10, 7.065416411933256e-7, 0.000027460297133075073, 1.5470410508200416e-9
0.9983881711959839, 0.0003925734490621835, 3.647928181749194e-8, 3.299411577284417e-10, 9.748212903559761e-8, 0.0012193352449685335, 1.4290602035060829e-9
0.9978346824645996, 0.00031458697048947215, 0.000035909568396164104, 9.98209088720614e-7, 0.00005198148210183717, 0.001742612337693572, 0.000019184901248081587
0.9999322891235352, 0.00005625439007417299, 8.695553788129473e-8, 2.8473303714804388e-9, 9.66250013334502e-7, 0.000010252222637063824, 1.8045740901584395e-8
0.9987443089485168, 0.0012205175589770079, 0.000001325692664977396, 3.351127375594842e-8, 0.000028177011699881405, 0.000005274599971016869, 3.9881362567939505e-7
0.9990987181663513, 0.0005583438323810697, 0.00004245021773385815, 0.000002086475660689757, 0.000041631614294601604, 0.00024880064302124083, 0.000008002043614396825
0.33942970633506775, 0.6603797078132629, 1.373366416146382e-7, 0.000002186594201702974, 0.00011570501374080777, 0.00007232815551105887, 1.5020012256172777e-7
0.18310360610485077, 0.8167080283164978, 7.626108100566853e-8, 9.786732562133693e-7, 0.000003185127070537419, 0.00018007951439358294, 0.000004081428414792754
0.9995566606521606, 0.00010143360850634053, 0.000002830837047440582, 6.606652505070087e-7, 0.00003316718721180223, 0.00030506504117511213, 1.6083440357306245e-7
0.9998488426208496, 0.00014890455349814147, 1.008577577010783e-8, 1.606174526713744e-9, 0.0000019773217445617775, 1.352792224906807e-7, 8.175656596165481e-9
0.9999556541442871, 0.000007492392342101084, 0.0000012980303836229723, 3.080172348290944e-7, 0.0000050893359002657235, 0.000029955883292132057, 4.946847909081953e-8
0.9998111724853516, 0.00015347749285865575, 9.804566047932894e-8, 4.7697021443582344e-8, 0.00003470462979748845, 5.226301595939731e-7, 6.891050396973242e-9
0.9999885559082031, 0.000011485306458780542, 2.3549890926233275e-9, 1.4583982632654369e-10, 4.2541856259958877e-7, 3.27565423674514e-8, 1.194180032637604e-10
0.999840259552002, 0.00015717312635388225, 3.1861593363657903e-9, 6.696534993189118e-11, 0.0000016498843251611106, 6.90681986270647e-7, 5.276546422017248e-10
0.9993374347686768, 0.00021174461289774626, 0.0000022292219910013955, 1.0125454963372249e-7, 0.00044784764759242535, 5.097706434753491e-7, 1.0227977043086867e-7
0.9999209046363831, 0.000023706325009698048, 3.156391414904647e-7, 4.0907633547249134e-7, 0.00005082000279799104, 0.0000037173392684053397, 1.4398947811855578e-8
0.9998956322669983, 0.00009930432861438021, 2.7114966272279162e-8, 6.543336428244118e-10, 0.000004084316060470883, 0.0000010614337497827364, 3.4665705861414153e-9
0.9999418258666992, 0.00005646327917929739, 3.585293395502731e-9, 1.0627313612454614e-10, 0.000002047643647529185, 8.650663296805305e-9, 3.203252330052919e-9
0.9999170303344727, 0.0000647306878818199, 1.2988819264592166e-7, 1.364974622219961e-8, 0.00001605141551408451, 0.0000021588632534985663, 6.451373657512249e-9
0.9999942779541016, 0.000005014982889406383, 7.538605473200732e-8, 1.0041085740652989e-9, 5.333770900506352e-7, 2.1312814624252496e-7, 1.310611730254152e-9
0.999937117099762, 0.00006146506348159164, 6.277960373779479e-9, 1.145287545356588e-10, 0.0000010517533155507408, 2.202507971560408e-7, 6.423959586498995e-9
0.9999980926513672, 0.0000019529936707840534, 2.088004658062914e-9, 2.8359660106391793e-11, 2.0620773000246118e-7, 2.831537315728383e-8, 1.2810266736273945e-10
0.9999947547912598, 0.000001282273501601594, 1.50637816886956e-7, 8.778989091240419e-9, 0.00000306432343677443, 9.963764568965416e-7, 2.2295583157472265e-9
0.9999971389770508, 0.000002292765202582814, 3.6501091038587674e-9, 7.351735886729216e-11, 5.197801442591299e-7, 3.117585478662477e-8, 1.6022255744374547e-10
0.9999990463256836, 9.051724418895901e-7, 1.322359999278433e-10, 3.7682473786292137e-13, 3.4015630312467238e-9, 2.7145492520475045e-9, 2.699771239900173e-10
0.9994049072265625, 0.000019568626157706603, 0.000003987798663729336, 0.000001011200993161765, 0.00003063764233957045, 0.0005398438079282641, 2.2099722229995677e-7
0.9999814033508301, 0.00001634477303014137, 1.211013653801274e-7, 5.10752906635048e-9, 0.0000015679074749641586, 6.110047934271279e-7, 4.975399203743791e-9
0.9999890923500061, 0.000010155941708944738, 2.2755225259629697e-8, 7.957799003088795e-11, 3.924155009826791e-7, 5.2603934364015e-7, 2.574038093783315e-9
0.9999914765357971, 0.000007940351679280866, 3.2523648219040524e-9, 1.2035775154295436e-11, 2.2915925512734248e-7, 6.767234594917682e-8, 3.5682559684779847e-10
0.9999938011169434, 0.000004091709797648946, 1.499471480315151e-8, 2.1459276022817164e-10, 4.691283947977354e-7, 0.000001497533844485588, 4.0365513709339496e-10
0.9999880790710449, 0.000008131845788739156, 1.8533303602907836e-7, 1.820661132967416e-8, 0.000002276623490615748, 0.0000013363758171180962, 6.649564454619394e-9
0.9999890923500061, 0.000006072560154279927, 2.729974255544221e-7, 1.1261065857581798e-8, 0.0000020060251699760556, 0.0000025206470581906615, 2.522971165319632e-9
0.9999971389770508, 0.0000019364770196261816, 6.2507208298256955e-9, 7.112926220242954e-11, 2.524559192806919e-7, 4.7678355485913926e-7, 9.869097761239232e-10
0.9999976754188538, 0.0000017609352198633133, 1.5901884253821663e-8, 1.4571301110155588e-10, 1.9403930195949215e-7, 5.654448500536091e-7, 1.9330652356597255e-10
0.9999866485595703, 0.000010399575330666266, 2.8147155717306305e-8, 1.4890370048092905e-9, 4.700229965237668e-7, 0.000002511300181140541, 4.264011810306556e-9
0.9999966621398926, 0.0000020808970475627575, 3.0646884141560804e-8, 1.3340019366925304e-10, 1.8636919207892788e-7, 9.662921911512967e-7, 5.430986771415292e-10
0.9999713897705078, 0.000027630783733911812, 5.505171429831535e-9, 5.6684688193309185e-11, 7.576733764835808e-7, 4.303189200527413e-7, 2.684371336325597e-10
0.9999938011169434, 0.0000032447840112581616, 2.8379872674122453e-8, 8.082992053459748e-10, 0.000001271360360988183, 0.0000016149383554875385, 9.172979043015062e-10
0.9993159770965576, 0.0006813597283326089, 1.5094903105250523e-8, 3.2850916431570454e-10, 0.000002339791080885334, 1.2951335293109878e-7, 2.0110308973642077e-9
0.9999938011169434, 0.00000483160783915082, 8.842039989076511e-8, 1.0715858755894203e-10, 6.553152616106672e-7, 4.7625249521843216e-7, 5.991712681563399e-10
0.9999933838844299, 0.0000029760074085061206, 4.805095272786275e-7, 2.142174493346971e-10, 4.947907541463792e-7, 0.000002812494585668901, 1.932227045031709e-9
0.9999914765357971, 0.00000431098442277289, 6.661363158855238e-7, 4.370021844390948e-10, 6.265869956223469e-7, 0.0000031508127449342282, 9.68012070501345e-9
0.9998646378517151, 0.000045208500523585826, 0.000003055876049984363, 1.0023988039620235e-7, 0.000011029659617634024, 0.00007582971011288464, 1.0836927799573459e-7
0.9999704957008362, 0.000005057255293650087, 7.690592269682384e-7, 1.4346617227545266e-9, 4.894149583378749e-7, 0.00002351785406062845, 6.5262129034238114e-9
0.9999761581420898, 0.000008163547136064153, 4.831723003917432e-7, 2.307956492586527e-9, 6.32564024272142e-7, 0.000014719961654918734, 1.092560175663948e-8
0.9999547004699707, 0.000007577114047307987, 0.0000037058619000163162, 3.1333908800945665e-9, 0.000004719869593827752, 0.000029174012524890713, 1.169037666670647e-8
0.9999022483825684, 0.0000022532196908287005, 0.0000021329415176296607, 2.223997208616879e-9, 8.294160238619952e-7, 0.00009234894241672009, 5.541968661759711e-9
0.999700129032135, 0.0000019351514310983475, 0.000004537220775091555, 2.5652053814440023e-9, 7.518936513406516e-7, 0.00029270732193253934, 1.0594583876866182e-8
0.999934196472168, 0.000004227195859130006, 0.00000135867105655052, 2.2751707184909264e-9, 0.0000012148187806815258, 0.00005940147821092978, 4.452383794983916e-9
0.9992326498031616, 0.0000020869722447969252, 0.00020799768390133977, 0.0000011967465525231091, 0.00007346443453570828, 0.0004824834468308836, 2.781220302949805e-7
0.999939501285553, 0.000013675411537406035, 0.000017720974938129075, 3.2730354537768847e-10, 0.0000011180084129591705, 0.000028054775611963123, 7.496574738752315e-8
0.9935064315795898, 0.006410324014723301, 0.00005641638199449517, 5.199630725982729e-10, 0.00001029994928103406, 0.00001671881545917131, 2.1818527429218193e-8
0.7853940725326538, 0.18492387235164642, 0.005738263949751854, 0.0006387740140780807, 0.008146175183355808, 0.014900575391948223, 0.0002583276364021003
0.797369122505188, 0.20185039937496185, 1.327127279182605e-7, 3.545612798916409e-7, 0.0003198029880877584, 0.00046002730960026383, 1.926648138805831e-7
0.9999709129333496, 0.000013979059076518752, 0.0000010668571803762461, 8.52146478380611e-11, 1.6707812733329774e-7, 0.000014003715477883816, 7.583408567768402e-9
0.7740757465362549, 0.00024572815163992345, 2.3053092945701792e-7, 1.8613846464177186e-7, 0.00001245318981091259, 0.2256651222705841, 5.407228513831797e-7
0.9908473491668701, 0.00012651605356950313, 0.00042709812987595797, 1.1189386306398319e-8, 0.000020571105778799392, 0.008578496985137463, 1.266056699478213e-7
0.9948149919509888, 0.00016030631377361715, 0.0000062195767895900644, 5.549777526425714e-9, 3.115504512152256e-7, 0.005017918534576893, 1.0711423215070681e-7
0.9998779296875, 0.0000968616150203161, 4.3873882304978906e-7, 5.830131044604059e-9, 0.0000037111274195922306, 0.000020090108591830358, 0.000001071666360985546
0.9962745904922485, 0.00012348679592832923, 0.00005522654828382656, 2.22114977077581e-7, 0.0000476127170259133, 0.0034830020740628242, 0.00001581135074957274
0.991254448890686, 0.000564236135687679, 0.00001552370667923242, 1.8098950249623158e-7, 0.0000617125115240924, 0.008103739470243454, 1.9053476307817618e-7
0.9984245896339417, 0.0000039290348468057346, 0.00008956704550655559, 0.0000032619759622321, 0.0000031560657589579932, 0.0014719892060384154, 0.000003552214138835552
0.9999117851257324, 4.6939084086261573e-7, 1.4743159226782154e-7, 1.4320240826481978e-10, 4.379790397024408e-8, 0.00008745941886445507, 6.118099915575215e-10
0.9981682896614075, 0.000005505126864591148, 0.0000035319280868861824, 1.1873961369701647e-7, 0.000001096784671972273, 0.0018198424950242043, 0.0000015394632555398857
0.9920304417610168, 0.000006751800810889108, 0.0000139803150887019, 1.9238330040138862e-8, 2.9876960638830496e-7, 0.007945726625621319, 0.0000028274334908928722
0.978309690952301, 0.0000010756976962511544, 0.0018367163138464093, 5.607622028946935e-7, 0.000010856744665943552, 0.019781246781349182, 0.00005990899444441311
0.0023930384777486324, 0.00005051748303230852, 0.0000011803808774857316, 0.7561967372894287, 0.23983930051326752, 0.000898592930752784, 0.0006205925019457936
0.046679556369781494, 0.16439367830753326, 0.004867879673838615, 0.00001673185033723712, 0.00004385842112242244, 0.7839398980140686, 0.00005853097900399007
0.1900617778301239, 0.008910290896892548, 0.23690220713615417, 0.00001659690860833507, 0.0009279719088226557, 0.5631397366523743, 0.00004168509258306585
0.3328540623188019, 0.00024045348982326686, 0.21773383021354675, 0.000006458114057750208, 0.023387137800455093, 0.4257710874080658, 0.000006904318070155568
0.3274100124835968, 0.00042193589615635574, 2.263774945276964e-7, 0.00047441304195672274, 0.670240581035614, 0.0014527131570503116, 2.0080391038845846e-7
0.928523600101471, 0.020401325076818466, 0.0007976039196364582, 0.0002981002035085112, 0.04777690768241882, 0.0009726544376462698, 0.0012298611691221595
0.5527938604354858, 0.17009523510932922, 0.0007769265794195235, 0.0016496670432388783, 0.25382930040359497, 0.02085276134312153, 0.000002243811195512535
0.9759486317634583, 0.0001718068670015782, 0.000034350268833804876, 0.00000875677778822137, 0.0002291771088493988, 0.02360728569328785, 5.505549438566959e-8
0.30285152792930603, 0.4308262765407562, 0.04272203519940376, 0.06519924849271774, 0.1141805499792099, 0.03020208142697811, 0.0140183474868536
0.9414558410644531, 0.0038457480259239674, 0.00009774931822903454, 0.0000010382335631220485, 0.040757011622190475, 0.01384221576154232, 3.6311450912762666e-7
0.9568995833396912, 0.00010094651224790141, 0.0009004212915897369, 4.325302711549739e-7, 0.00018260425713378936, 0.04191466048359871, 0.0000014373440535564441
0.9798668622970581, 0.0000034071031222993042, 0.00000506767582919565, 2.738672044699797e-8, 1.727990621702702e-7, 0.02012445032596588, 7.049713701690052e-9
0.9991725087165833, 9.292857328091486e-8, 0.00006813831714680418, 3.3706339941375063e-9, 1.1647873066067405e-7, 0.0007588326116092503, 1.3604092430341552e-7
0.9977375864982605, 1.4716987095653167e-7, 0.000006517735982924933, 9.329949035574714e-10, 8.093909542594702e-8, 0.002255793195217848, 1.450583209106071e-8
0.9947177767753601, 0.0010992056922987103, 0.001794907497242093, 1.553985953250958e-7, 0.002331626368686557, 0.000056100871006492525, 4.858402036234111e-8
0.9773853421211243, 0.004012312274426222, 0.0009574192226864398, 0.00007878645556047559, 0.01593201234936714, 0.0014575313543900847, 0.0001766518544172868
0.4720233976840973, 0.5279600024223328, 0.00001363933552056551, 1.0213154766347543e-9, 0.0000010108120704899193, 0.000002147147370124003, 2.302370205597981e-8
0.39707618951797485, 0.5459783673286438, 0.0009782216511666775, 0.000016910034901229665, 0.05587277561426163, 0.000043846506741829216, 0.0000337184319505468
0.8848918080329895, 0.1035931333899498, 0.000020678784494521096, 0.000004832125341636129, 0.01148245483636856, 0.000005154259270057082, 0.0000020240229332557647
0.9998779296875, 0.00011593216913752258, 0.0000048258621063723695, 7.291480787208204e-12, 6.593406851607142e-7, 7.029544804026955e-7, 1.1779739850226179e-8
0.9914506673812866, 0.0000017941733858606312, 0.000005516259079740848, 5.906862110549582e-9, 0.0000020376596694404725, 0.00854021217674017, 1.0871555211622308e-8
0.9575176239013672, 0.000003395667363292887, 0.00006593619764316827, 8.380920348827203e-7, 0.000004093490133527666, 0.042408011853694916, 1.2882821032178526e-8
0.997388482093811, 2.7384006173747366e-8, 0.000026810117560671642, 1.2023766704505334e-10, 3.510129076289559e-8, 0.002584994537755847, 5.2547428630589366e-9
0.9999752044677734, 0.000010585803465801291, 0.00000855691178003326, 6.76633193918974e-10, 6.810775232679589e-8, 0.000005447409876069287, 3.771481349446049e-9
0.995883584022522, 0.0037440145388245583, 0.0003526669170241803, 1.802762106262179e-10, 4.137009455007501e-7, 0.00001928440724441316, 9.50821643641575e-10
0.999049186706543, 0.00025118378107436, 0.00005968435652903281, 9.072438729162968e-7, 0.000023440112272510305, 0.0006098494632169604, 0.0000058603222896636
0.9999966621398926, 4.955455779054319e-7, 2.5249329382859287e-7, 1.493168921840038e-9, 0.0000019675194380397443, 5.422605795502022e-7, 4.0141412416261346e-10
0.9951182007789612, 5.048190701018029e-7, 0.00023598894767928869, 0.00000470340637548361, 0.0000032532502700632904, 0.004637295845896006, 2.8330723012004455e-7
0.9994937777519226, 0.000009154513463727199, 0.00014988300972618163, 0.000011259322491241619, 0.000025198703951900825, 0.0003100100439041853, 8.149033874360612e-7
0.8859755992889404, 0.0000042682413550210185, 0.06882323324680328, 0.00023262274044100195, 0.000695186376105994, 0.040522538125514984, 0.0037466215435415506
0.762721836566925, 0.23380142450332642, 0.000006921518433955498, 0.000001008513436318026, 0.0033902705181390047, 0.00007330663356697187, 0.000005242342012934387
0.9909304976463318, 0.00016418266750406474, 0.000026497416911297478, 9.763199670942413e-8, 0.00000893206106411526, 0.00886920839548111, 7.743564083284582e-7
0.8903380632400513, 0.00020952796330675483, 0.000017069918612833135, 1.3643177965150244e-7, 0.0000023661862087465124, 0.10942484438419342, 0.000007954284228617325
0.9984562397003174, 0.0000071076037784223445, 0.0000023276350020751124, 1.1411206424227771e-9, 2.184996183984822e-8, 0.001534032286144793, 1.403235074803888e-7
0.9994450807571411, 0.00016970581782516092, 0.000009282272003474645, 4.0120770705698305e-8, 0.0000044911776058143005, 0.00037136056926101446, 1.9400390272039658e-7
0.9993307590484619, 0.000009445631803828292, 0.0000050991689022339415, 0.0000022441552118834807, 0.000028605734769371338, 0.000623328669462353, 5.871102075616363e-7
0.3558461666107178, 0.1005258783698082, 0.4993051588535309, 0.0000029412030926323496, 0.0028675647918134928, 0.04138651117682457, 0.00006576468877028674
0.615303099155426, 0.000003486425612209132, 0.00006899421714479104, 0.0000022007325242157094, 0.00015226786490529776, 0.3844684660434723, 0.0000015057568134579924
0.9841914176940918, 0.0045524234883487225, 0.000004052275926369475, 1.0956455298583023e-7, 0.0008060632972046733, 0.010443891398608685, 0.0000020363399926282
0.9998965263366699, 0.0000014761649254069198, 0.000009340449651062954, 1.1724830883963477e-8, 3.864668371988955e-7, 0.00009251612209482118, 4.155510424652675e-8
0.9979386329650879, 2.0075295026344975e-7, 0.0004631049814634025, 1.9201739576146792e-7, 8.256982937382418e-7, 0.0015963987680152059, 6.21260824118508e-7
0.46842169761657715, 0.0000073606233854661696, 0.046355701982975006, 0.00010092262527905405, 0.0001555178896524012, 0.46753454208374023, 0.017424197867512703
0.9945401549339294, 0.00006798656249884516, 0.00008095952944131568, 1.446028008444955e-8, 0.0000021689934328605887, 0.005300477612763643, 0.000008141549187712371
0.9837167263031006, 0.0000058444302339921705, 0.00023947650333866477, 5.663740694217267e-7, 0.0000021109922272444237, 0.016034768894314766, 4.2911906916742737e-7
0.9951663613319397, 4.2058954363710654e-7, 0.00008436504140263423, 6.831832877196575e-8, 6.810270747337199e-7, 0.004747922997921705, 4.2514081144418014e-8
0.9995933771133423, 3.1228532293425815e-7, 0.000019727782273548655, 3.1387643595337522e-9, 1.9271652718089172e-7, 0.00038603603024967015, 8.121747718803363e-9
0.9988114833831787, 0.0004750111256726086, 0.000021899642888456583, 5.322057177181705e-7, 0.000007943754098960198, 0.0006821475108154118, 8.745556101530383e-7
0.9996548295021057, 1.6434970007139782e-7, 0.000001446821443096269, 7.4201467192835935e-9, 0.00000110067037439876, 0.0003425831673666835, 8.472686552352116e-9
0.9980385303497314, 0.00003260630546719767, 0.00005286436135065742, 0.0000015230573353619548, 0.000009054153451870661, 0.0018644763622432947, 9.239823270945635e-7
0.998807430267334, 2.8577727562151267e-7, 0.0000036483572785073193, 4.177665502425043e-8, 5.929990720687783e-7, 0.001188077381812036, 8.604946089008081e-9
0.9999752044677734, 3.3109735397829354e-8, 0.000001518959152235766, 1.3729888337365992e-9, 2.7839208271984717e-8, 0.000023421695004799403, 3.303457785097663e-10
0.990051805973053, 0.0000031336348911281675, 0.00036647228989750147, 1.1625734686049327e-7, 0.000005396301730797859, 0.009572751820087433, 2.99620865007455e-7
0.9971490502357483, 3.5467286352286465e-7, 0.00004419616743689403, 9.629204100747302e-8, 1.1812224443019659e-7, 0.0028061282355338335, 4.145545684508534e-9
0.9912906289100647, 0.0000011569034086278407, 0.0004555134510155767, 1.554999187192152e-7, 0.0000018137634469894692, 0.008250374346971512, 4.019222785700549e-7
0.9444071650505066, 0.00032006693072617054, 0.0003028642386198044, 0.00001081222671928117, 0.00004803554475074634, 0.054891932755708694, 0.000019300769054098055
0.9999680519104004, 0.000001253848495252896, 0.0000016010818626455148, 8.773779036630458e-9, 5.347334308680729e-7, 0.00002845247036020737, 2.5293132033255006e-9
0.9992930889129639, 0.000003980287601734744, 0.000004927135705656838, 2.887868832956997e-10, 3.070938348059826e-8, 0.0006980597972869873, 5.9418727715865316e-8
0.9927695989608765, 0.0000011657284630928189, 0.0000087837252067402, 2.9391356015651127e-9, 2.2471004612611978e-8, 0.0072203087620437145, 1.550528025973108e-7
0.9957708716392517, 0.000004303137757233344, 0.000004244494448357727, 1.7851919942302175e-9, 7.921196498728023e-8, 0.004220332019031048, 9.494611674654152e-8
0.998874843120575, 0.000020486710127443075, 0.000007654612090846058, 8.91549856163465e-9, 3.988009780186985e-7, 0.0010960372164845467, 5.970859433546138e-7
0.9956516623497009, 0.000014050207028049044, 0.000013755940017290413, 1.9674390117074836e-8, 2.4092017270049837e-7, 0.004318203777074814, 0.00000201207308236917
0.4832088351249695, 0.000012953627447132021, 0.0006006113835610449, 0.0000035452330848784186, 0.000017674306945991702, 0.5161564350128174, 7.14785173272503e-8
0.9994608759880066, 0.00027185207000002265, 0.000025468301828368567, 2.3544751570625522e-7, 0.00011507930321386084, 0.00012649431300815195, 6.906053329203132e-8
0.9894856810569763, 0.004057231359183788, 0.0005488843307830393, 0.0000027988924102828605, 0.005610887426882982, 0.00029318174347281456, 0.0000014690566558783758
0.8486305475234985, 0.0007825308130122721, 0.021231912076473236, 0.000034956006857100874, 0.010956300422549248, 0.11832273751497269, 0.00004118240030948073
0.9379099011421204, 0.00004243891089572571, 0.000021130737877683714, 2.8829168741140165e-7, 0.000033907574106706306, 0.06199067085981369, 0.0000016323059526257566
0.9527220129966736, 0.000003760730805879575, 0.00012933289690408856, 5.4656254633300705e-8, 0.0000021459725303429877, 0.0471414215862751, 0.0000011907555972356931
0.9995409250259399, 0.00009843359293881804, 0.000007050057320157066, 4.907237394213837e-10, 0.0000014925726645742543, 0.0003518837911542505, 5.4240260283222597e-8
0.99537593126297, 0.0008014266495592892, 0.0000722816985216923, 3.9712733723717974e-7, 0.00006300700624706224, 0.0036860276013612747, 9.8474481546873e-7
0.9985443949699402, 0.000005131352736498229, 0.00014851722517050803, 0.0000015808058151378646, 0.000020502642655628733, 0.0012796755181625485, 1.485748981622237e-7
0.9975858330726624, 0.0024071333464235067, 6.092914617283895e-8, 5.029578420412406e-10, 7.069303364914958e-7, 0.000006303925147221889, 5.575008454883346e-9
0.9999923706054688, 0.000006791433861508267, 4.5739604104255704e-8, 1.5785196229561177e-13, 4.350313165257802e-10, 5.282821007313032e-7, 3.38069350291903e-10
0.8290488719940186, 0.14564035832881927, 0.0021265875548124313, 0.000013014824617130216, 0.0228123739361763, 0.00019928027177229524, 0.00015956393326632679
0.001666029798798263, 0.000009515458259556908, 0.9912261962890625, 2.2837109270312794e-7, 0.000008717838682059664, 0.007086079102009535, 0.0000033367196010658517
0.726436972618103, 0.00041502469684928656, 0.000020475905330386013, 0.00025722122518345714, 0.2728292942047119, 0.000028233336706762202, 0.000012759286619257182
0.7377635836601257, 0.0007376082357950509, 0.000036224082577973604, 0.00011585831816773862, 0.26128172874450684, 0.000006167458650452318, 0.00005874688577023335
0.7331896424293518, 0.00033020201954059303, 0.000012666994734900072, 0.00002578804560471326, 0.26643285155296326, 0.0000032419625313195866, 0.000005631849944620626
0.8214218020439148, 0.0006169733824208379, 0.00014504266437143087, 0.0015965508064255118, 0.17594501376152039, 0.00019327081099618226, 0.00008132146467687562
0.9982527494430542, 0.000043276646465528756, 0.0000962163758231327, 0.000006631232736253878, 0.0004393168492242694, 0.0011594902025535703, 0.0000022152287328935927
0.9995375871658325, 0.00003582739009289071, 0.000020572328139678575, 0.0000018651312529982533, 0.0000948391534620896, 0.000305271620163694, 0.000003986802312283544
0.9977228045463562, 0.00002899436731240712, 0.00007671247294638306, 0.000007305739927687682, 0.00045218272134661674, 0.0016559010837227106, 0.00005616413545794785
0.9906076192855835, 0.000026774394427775405, 0.00025041867047548294, 1.6848734674113075e-7, 0.00008136937685776502, 0.00903347972780466, 1.0921976922873e-7
0.9764441251754761, 0.000034279044484719634, 0.0007751429220661521, 0.000002537626187404385, 0.00003054805347346701, 0.022713273763656616, 2.740356137564959e-7
0.98484867811203, 0.000016863496057339944, 0.000009113708983932156, 4.0473345563896146e-8, 0.000004391316451801686, 0.015120918862521648, 1.8373944143945664e-8
0.9772881269454956, 0.00004884714144282043, 0.000010619979548209812, 3.929175136363483e-7, 0.000025592833480914123, 0.022626185789704323, 3.2419842455055914e-7
0.9650164246559143, 0.0000280753865808947, 0.000032279491279041395, 4.910488087261911e-7, 0.00001690331737336237, 0.034905653446912766, 8.645574922638843e-8
0.8685404658317566, 0.00011094080400653183, 0.000023097922166925855, 0.0000018236795540360617, 0.00007650241605006158, 0.13124613463878632, 0.0000010492367437109351
0.9987174272537231, 0.00001906653960759286, 0.000026976978915627114, 6.850464728813677e-8, 0.000006525021490233485, 0.0012298888759687543, 7.864815643188194e-8
0.9997982978820801, 0.00002139734169759322, 0.000004691984941018745, 6.72201707629938e-8, 0.000018358399756834842, 0.00015663585509173572, 4.197657403892663e-7
0.9489122629165649, 0.000013638487871503457, 0.0003196391917299479, 3.747960022337793e-7, 0.000008137739314406645, 0.05074562132358551, 2.7385851808503503e-7
0.9998612403869629, 0.000015011116374807898, 0.0000027936946480622282, 4.5495227141145733e-7, 0.0000033613239338592393, 0.00011687840014928952, 1.0883807988193439e-7
0.9916515946388245, 0.0000569616568100173, 0.00008423247345490381, 0.000002476702547937748, 0.000012030601283186115, 0.008191159926354885, 0.000001458228325645905
0.9995943307876587, 0.000060378126363502815, 6.845411917311139e-7, 3.866860964762964e-8, 0.0000014933227703295415, 0.0003426966432016343, 8.057417488771534e-8
0.9995690584182739, 0.00004000918852398172, 4.2382029619147943e-7, 3.436204210061078e-9, 1.422530431227642e-7, 0.0003902858588844538, 4.388438412661344e-8
0.999873161315918, 0.0000352337010554038, 3.504087260353117e-7, 1.2775728919223184e-8, 0.000001147475813922938, 0.00008987278124550357, 2.3966910589479085e-7
0.9726477265357971, 0.00023359243641607463, 0.000004169113253738033, 3.187360064771383e-8, 0.0000016418745190094342, 0.02711280807852745, 7.19344157573687e-8
0.997791588306427, 0.0001661824935581535, 0.000012928853720950428, 4.792850205603827e-8, 0.000009391292223881464, 0.002018705941736698, 0.0000011966848205702263
0.9987936615943909, 0.00008544950833311304, 0.000008999007150123361, 2.621289141302441e-8, 0.0000034106003568012966, 0.0011081889970228076, 2.593056080968381e-7
0.9995694756507874, 0.00017017404024954885, 0.000011433357030909974, 1.2744417965393495e-8, 0.0000033264084322581766, 0.0002451910695526749, 4.1776652892622224e-7
0.981806755065918, 0.00015584669017698616, 0.0000065136268858623225, 8.451028321587728e-8, 0.000004688778972194996, 0.01802583783864975, 1.2207726740598446e-7
0.9172267913818359, 0.00008806077676126733, 0.000021734096662839875, 4.1198657640961756e-7, 0.000010589890734991059, 0.08265189826488495, 5.790791419713059e-7
0.9903192520141602, 0.00007713303784839809, 0.000026300607714802027, 3.53315670054144e-8, 0.000003354420869072783, 0.009572992101311684, 9.757251291375724e-7
0.9994469881057739, 0.000010769883374450728, 0.000008221645657613408, 6.928028373209827e-9, 2.8791458817067905e-7, 0.0005339305498637259, 5.161835758826783e-8
0.9395890831947327, 0.00008186584454961121, 0.00006990919791860506, 5.931433406658471e-7, 0.000011564812666620128, 0.060245614498853683, 0.0000013420734603641904
0.996383786201477, 0.00006470484368037432, 0.00002551358011260163, 3.028871375931885e-8, 0.0000027233843411522685, 0.0035229502245783806, 2.5111108925557346e-7
0.9941757917404175, 0.0000373581460735295, 0.000012527581930044107, 1.7122449236239845e-8, 0.000004207079655316193, 0.005769969429820776, 5.176939765760835e-8
0.9990513324737549, 0.000027402924388297834, 0.000019672774214996025, 2.156079581538961e-8, 0.0000010602387874314445, 0.0009003903833217919, 2.7215344289288623e-7
0.9943426847457886, 0.000030248211260186508, 0.000012095925740140956, 6.059296620009036e-9, 9.461480203754036e-7, 0.005613912828266621, 1.93356854083504e-7
0.9903367161750793, 0.00007443003414664418, 0.00005485010115080513, 8.096478154584474e-8, 0.000007191329586930806, 0.009524761699140072, 0.000001990870032386738
0.9997616410255432, 0.00006117713928688318, 0.000001168268113360682, 1.6204008135289882e-9, 8.027602405036305e-8, 0.00017580819258000702, 8.350659896905199e-8
0.7920240163803101, 0.0011285558575764298, 0.01533220149576664, 0.0009814472869038582, 0.18116983771324158, 0.006521208677440882, 0.002842735033482313
0.2577590048313141, 0.00355972396209836, 0.7289316058158875, 6.131824079602666e-7, 0.00034817130654118955, 0.009396298788487911, 0.000004643946795113152
0.6685540080070496, 0.33072367310523987, 3.4173933727288386e-7, 0.0000060992488215561025, 0.0005170385702513158, 0.00019880227046087384, 1.9395031358726555e-7
0.9982858300209045, 0.0011971101630479097, 0.000052232273446861655, 2.8853994749056255e-9, 0.000024534609110560268, 0.0004400390898808837, 1.9084333757746208e-7
0.9999499917030334, 0.000011742203241738025, 1.1242381958709302e-7, 3.134373316449057e-11, 1.1579976977316164e-8, 0.00003806482709478587, 1.7613313585407298e-10
0.9993865489959717, 0.00001893085391202476, 0.0000010550483011684264, 6.245682304673039e-10, 1.660071689002507e-7, 0.0005933562060818076, 1.0260482463664289e-9
0.9987648725509644, 0.0001041291980072856, 0.00000983100471785292, 1.0000307071322823e-7, 0.0000243807280639885, 0.0010965770343318582, 4.418910570791468e-9
0.999901294708252, 0.0000415555368817877, 2.037064561477564e-8, 1.2713959052224055e-10, 3.776280976808266e-8, 0.00005716092709917575, 1.8667696277674395e-9
0.997223436832428, 0.0002904846624005586, 0.0000010842917390618823, 1.5941351350079458e-8, 0.000005524323569261469, 0.0024793902412056923, 7.387980360817892e-8
0.9591410756111145, 0.000055658278142800555, 0.00004884023292106576, 0.0000012229081676196074, 0.000005048717412137194, 0.04074797406792641, 2.5467883801866265e-7
0.9999766945838928, 0.00002231038160971366, 1.8377710020445193e-8, 4.203150327786176e-11, 4.972295641891833e-8, 9.32275952436612e-7, 6.67326360836995e-10
0.9974818825721741, 0.0002646212815307081, 0.0000017419434925614041, 6.421072384910076e-8, 0.000003323621513118269, 0.0022476823069155216, 6.967819672354381e-7
0.9988905787467957, 0.00010172220936510712, 7.056016215756244e-7, 5.301544536706615e-9, 2.4309710511261073e-7, 0.0010068027768284082, 6.261522855766088e-8
0.9973297715187073, 0.000021659832782461308, 0.000006148489774204791, 2.233603169088383e-8, 6.683540050289594e-7, 0.002641666680574417, 1.0976985720390076e-7
0.9997634887695312, 0.000012634263839572668, 0.0000010396001925983, 4.065369985095657e-10, 5.171644801293951e-8, 0.00022282391728367656, 1.1479129646829733e-8
0.9962515234947205, 0.000041761020838748664, 0.000004122181053389795, 5.678624237503982e-9, 4.559355488709116e-7, 0.0037020465824753046, 2.1101749680951798e-8
0.9993955492973328, 0.0005378889618441463, 3.9111236560529505e-7, 1.7776531358038028e-9, 0.0000016680488670317573, 0.00006445524195441976, 6.780201999845303e-8
0.9996815919876099, 0.00007945549441501498, 5.318962053024734e-7, 3.043393981272402e-9, 5.148252739672898e-7, 0.00023780215997248888, 3.334073994665232e-8
0.9990320205688477, 0.0009669975261203945, 7.015257263986996e-9, 4.795849134486829e-11, 2.5792223823373206e-7, 4.712512691185111e-7, 1.3530070397393956e-9
0.000019047114619752392, 0.9999809861183167, 1.2519853209713716e-11, 5.283884224258073e-13, 4.173839940335711e-9, 1.0603285360843984e-8, 4.509635026517245e-11
0.00006857286643935367, 0.9998946189880371, 5.2063644062627645e-8, 2.686060440737492e-7, 0.00003476382335065864, 0.000001753621631905844, 6.7820762339465546e-9
0.0012862931471318007, 0.9987133741378784, 2.370172280663496e-9, 5.878279196736003e-9, 2.7382955636312545e-7, 1.4644901114024833e-7, 1.1209507988496625e-8
0.014379444532096386, 0.9855889678001404, 4.002577824735454e-8, 0.000002497876266716048, 0.00001429583517165156, 0.000014579101843992248, 4.608126289440406e-7
0.012498199008405209, 0.987484335899353, 2.498124196392837e-8, 1.147935719814086e-7, 0.000010189725799136795, 0.000006846443739050301, 3.6383531210049114e-7
0.00018768459267448634, 0.9998102784156799, 2.8924309614097865e-9, 6.016764864114066e-9, 0.0000017669285625743214, 1.1677261113618442e-7, 7.233238008552689e-9
0.000021928992282482795, 0.999977171421051, 1.1280064660112998e-9, 1.6733811003533106e-9, 6.911898822181683e-7, 2.4376783258617252e-8, 5.711338624259099e-10
0.00034991471329703927, 0.9996501207351685, 6.782847616904064e-10, 8.022139619257018e-10, 8.99755718819506e-8, 1.910288816020511e-8, 6.805969121614908e-10
0.9299923777580261, 0.06534618884325027, 0.00006149924593046308, 0.000013512495570466854, 0.004421572666615248, 0.0000541213812539354, 0.0001107004500227049
0.080569788813591, 0.9194285273551941, 7.315406058694407e-9, 7.394714285346993e-10, 6.098442781876656e-7, 0.000001145538817581837, 2.6314874723709636e-9
0.003523532534018159, 0.9961686134338379, 2.1290763640990917e-7, 0.0000058775863180926535, 0.00027896437677554786, 0.000014058104170544539, 0.000008682882253197022
0.07220583409070969, 0.9277879595756531, 2.1846265241265428e-8, 1.0582390519431328e-9, 0.000001359282009616436, 0.000004719058779301122, 3.4488931710541237e-9
0.0038273308891803026, 0.9961726665496826, 1.8054070460848948e-9, 1.2166320173534473e-9, 4.948633858248286e-8, 8.715741728337889e-8, 4.754535876116961e-9
0.006502651609480381, 0.9934938549995422, 2.0401397904379337e-8, 2.887933669981635e-9, 0.000003156437060169992, 2.0298435288168548e-7, 3.750042054662117e-9
0.04853580892086029, 0.951460599899292, 5.549982695640665e-9, 2.2008286748587125e-8, 0.000002326819640074973, 0.0000013714175111090299, 8.5985881526085e-8
0.019202401861548424, 0.9807106852531433, 8.135997831004715e-8, 5.167038708009386e-8, 0.0000714887137291953, 0.000015237661500577815, 2.2977602043283696e-7
0.975250780582428, 0.024463091045618057, 0.0000016034840655265725, 4.107009772269521e-7, 0.00009478813444729894, 0.00018589704995974898, 0.0000035499185742082773
0.9996963739395142, 0.00030210960539989173, 2.874733979751909e-7, 5.45316847233579e-10, 6.201964879437583e-7, 8.13490032669506e-7, 5.4278208594382704e-9
0.9718823432922363, 0.02810382843017578, 5.790936938865343e-7, 2.5365229916474163e-8, 0.000002999002390424721, 0.000009989352292905096, 7.01038018746658e-8
0.9967979192733765, 0.0030152343679219484, 0.000015540987078566104, 1.2351351585948578e-7, 0.000109573156805709, 0.00005830800364492461, 0.0000034656445677683223
0.9999284744262695, 0.0000643507664790377, 8.058843832259299e-7, 3.451442909252478e-9, 0.0000011988701089649112, 0.000005172444161871681, 2.8789139960849752e-8
0.9105555415153503, 0.0062092384323477745, 0.0006395616219379008, 0.00004619196624844335, 0.08241789788007736, 0.00012966443318873644, 0.000001965533101611072
0.99966961145401, 0.00031089887488633394, 5.467887262966542e-7, 1.4900431999365082e-8, 0.000012314272680669092, 0.000006574960934813134, 3.2944814876145756e-8
0.9954577684402466, 0.001780646969564259, 0.00001214828353113262, 0.000004692226866609417, 0.0001191448318422772, 0.0025855721905827522, 0.000040026618080446497
0.9984524846076965, 0.00040885325870476663, 0.000006978975306992652, 6.823022431490244e-7, 0.000025560642825439572, 0.0011042060796171427, 0.0000012589046036737273
0.9993844032287598, 0.00010456907330080867, 0.00010091068543260917, 3.8084638731561427e-7, 0.000025804534743656404, 0.0003822610597126186, 0.000001614754751244618
0.9949675798416138, 0.00014217340503819287, 0.0003314312198199332, 0.000001054123913490912, 0.000020694482373073697, 0.004535609856247902, 0.0000015195215610219748
0.9985145926475525, 0.00016542196681257337, 0.00004908744813292287, 0.0000048986867113853805, 0.00003648424899438396, 0.0012286967830732465, 0.0000010509387493584654
0.9991044402122498, 0.00004923999949824065, 0.00003219244536012411, 7.273416713360348e-8, 0.000005299196345731616, 0.0008076602243818343, 0.000001109268850996159
0.9958744049072266, 0.00009664422395871952, 0.00001063473155227257, 0.000002142819766959292, 0.00002427710933261551, 0.003989898134022951, 0.000002007163175221649
0.994353175163269, 0.00009550040704198182, 0.000006636705620621797, 0.0000027232078991801245, 0.000018970176824950613, 0.005522530060261488, 4.538792950370407e-7
0.9842056632041931, 0.00032628339249640703, 0.00019933521980419755, 0.000010444508006912656, 0.0003100709291175008, 0.014931132085621357, 0.000017206317352247424
0.9986571669578552, 0.00019944804080296308, 0.0000096689918791526, 1.7982603139898856e-7, 0.000013856348232366145, 0.0011194584658369422, 2.2698075952121144e-7
0.9993941783905029, 0.00043772687786258757, 0.0000014798952179262415, 1.5838224953768076e-7, 0.000007469417141692247, 0.00015849125338718295, 7.498705372199765e-7
0.9998751282691956, 0.0000641637816443108, 3.946443598579208e-7, 9.062357975153645e-9, 0.0000011497506875457475, 0.00005906029400648549, 1.0662833460628462e-7
0.999527633190155, 0.0003283661790192127, 4.4710171209771943e-7, 3.348257848756475e-8, 0.000002461412805132568, 0.0001410237018717453, 1.7059653600881575e-7
0.7408230304718018, 0.256096214056015, 0.0000017994780137087218, 0.0000020695906641776673, 0.0000997470342554152, 0.0029721357859671116, 0.00000506438755110139
0.10997362434864044, 0.8895007371902466, 4.040266787797009e-7, 4.0221149077979135e-8, 0.0003712839970830828, 0.00015373225323855877, 2.473953770731896e-7
0.9967442154884338, 0.0032401494681835175, 1.1572583957786264e-7, 6.3090870305870794e-9, 0.0000011238234947086312, 0.000014462782928603701, 2.904113749480075e-8
0.9939596652984619, 0.00566517561674118, 6.354995321089518e-7, 1.0851279341750342e-7, 0.000003287037088739453, 0.0003700634988490492, 0.000001114755491471442
0.9841472506523132, 0.0010294917738065124, 0.00003193939846823923, 4.0944860302261077e-7, 0.000025423223632969894, 0.01475333422422409, 0.000012280748705961742
0.9994784593582153, 0.00025501943309791386, 0.000002586546997918049, 2.0176299742047377e-8, 0.0000030372275432455353, 0.00026063635596074164, 1.161925027304278e-7
0.988044798374176, 0.008320451714098454, 4.5502446255341056e-7, 1.5523988761145802e-9, 6.633013072132599e-7, 0.003633372485637665, 3.1146933565651125e-7
0.1268889158964157, 0.00018340193491894752, 0.0005074188811704516, 0.00006116719305282459, 0.000022006857761880383, 0.043470531702041626, 0.8288664817810059
0.9474899768829346, 0.0003792292554862797, 0.000007262337476277025, 0.0000013332629578144406, 0.00005134972889209166, 0.05206684768199921, 0.000003996734449174255
0.9872221350669861, 0.00026475125923752785, 0.000022392279788618907, 1.6264016267086845e-7, 0.000017609247151995078, 0.012470487505197525, 0.0000026153245471505215
0.9791121482849121, 0.00036438475945033133, 0.0000549077449250035, 1.317719409144047e-7, 0.000031887058867141604, 0.02043403498828411, 0.0000026916629849438323
0.9584113955497742, 0.00031328765908256173, 0.000025231274776160717, 0.000002940588728961302, 0.00007937129703350365, 0.041152648627758026, 0.000015148699276323896
0.9748895168304443, 0.00022747174079995602, 0.00013001564366277307, 5.92446667724289e-7, 0.00003488248694338836, 0.024704908952116966, 0.000012620007510122377
0.9636304974555969, 0.00006758520612493157, 0.00004820572576136328, 8.146901109284954e-7, 0.000019625404092948884, 0.03623150289058685, 0.0000017524141640024027
0.9891705513000488, 0.00031972795841284096, 0.00005559712371905334, 4.907956849820039e-7, 0.00003785647641052492, 0.010412137024104595, 0.0000037854929360037204
0.9990015625953674, 0.00031031493563205004, 0.000004526035354501801, 2.337142035457873e-8, 0.0000032579289381828858, 0.0006797415553592145, 6.3382304915649e-7
0.9909461140632629, 0.0001256687828572467, 0.000009258911632059608, 4.917336013932072e-7, 0.000011091572559962515, 0.008907069452106953, 4.516101625995361e-7
0.9927707314491272, 0.00006181441858643666, 0.000019089087800239213, 1.2213571665142808e-7, 0.000003802124865615042, 0.007144241128116846, 3.109110480181698e-7
0.9872442483901978, 0.000160662762937136, 0.00001938973400683608, 5.481965672515798e-7, 0.000007719073437328916, 0.01256519090384245, 0.0000023277211766981054
0.8978078961372375, 0.000259059714153409, 0.0002583004825282842, 0.0000028050974378857063, 0.0000780601694714278, 0.10156387835741043, 0.000029989902031957172
0.9983468055725098, 0.00017534858488943428, 0.000018367516531725414, 1.7908153893131384e-7, 0.000006573622158612125, 0.0014524011639878154, 4.4339674332150025e-7
0.993135929107666, 0.00018963166803587228, 0.000033472551876911893, 0.0000019789483758358983, 0.00004002860441687517, 0.0065870340913534164, 0.00001196972698380705
0.9367548227310181, 0.0032169658225029707, 0.00005918512033531442, 0.0000019239116682001622, 0.00024141369794961065, 0.05971124395728111, 0.00001454304492654046
0.9988724589347839, 0.00006924213084857911, 0.0000013038281849730993, 3.9612524460608256e-7, 0.0000031939739528752398, 0.0010532705346122384, 6.122452589352179e-8
0.9864407181739807, 0.00002627770481922198, 0.000007733966413070448, 2.852356217886154e-8, 4.402047011353716e-7, 0.013524972833693027, 2.3291621076282354e-8
0.9934355616569519, 0.00008854965562932193, 0.000017277550796279684, 9.097590947249046e-8, 0.0000012072633808202227, 0.006457310635596514, 2.5735580777563882e-8
0.9318103194236755, 0.00001616169720364269, 0.000018942357201012783, 5.0357389369537486e-8, 0.000001606775413165451, 0.068153016269207, 4.556276778089341e-8
0.7595171928405762, 0.0058894711546599865, 0.0000051521469686122146, 0.0000016412798231613124, 0.00006557186861755326, 0.234519824385643, 0.0000012189873359602643
0.9696698188781738, 0.00007022953650448471, 0.000007840614671295043, 1.0940085104493846e-7, 0.0000027296925964037655, 0.030249295756220818, 9.3210964280388e-8
0.7726340293884277, 0.000028653974368353374, 0.00001289404826820828, 1.5895051319603226e-7, 0.000003928006208298029, 0.22732026875019073, 1.6854437490110286e-7
0.974938154220581, 0.000043298365199007094, 0.000026656056434148923, 1.6744365893828217e-7, 0.0000032241257486020913, 0.024988319724798203, 1.564511649121414e-7
0.9085272550582886, 0.000040644688851898536, 0.000021728910724050365, 1.0952631868121898e-7, 0.0000015090212173163309, 0.09140874445438385, 3.2018803608480084e-8
0.8740467429161072, 0.00015103693294804543, 0.000046854849642841145, 2.9248471378195973e-7, 0.000003041450781893218, 0.125751793384552, 2.1990368281876727e-7
0.9970926642417908, 0.0000390505520044826, 0.000006176695933390874, 2.862722681129526e-8, 5.813051302538952e-7, 0.00286151678301394, 1.686268547018699e-8
0.8243762850761414, 0.00023975623480509967, 0.0000299865314445924, 6.771906555513851e-7, 0.000006597905667149462, 0.1753462702035904, 5.071637474429735e-7
0.44785740971565247, 0.00008535720553481951, 0.000029094493584125303, 0.0000011683345064739115, 0.00000673015347274486, 0.5520199537277222, 3.471886032002658e-7
0.9096277356147766, 0.000080733465438243, 0.000023322278138948604, 3.610809073961718e-7, 0.0000027934029276366346, 0.09026490151882172, 4.7393605484558066e-8
0.965213418006897, 0.00019478362810332328, 0.00001082826292986283, 1.601842001264231e-7, 0.00000455516783404164, 0.034576166421175, 7.390296019593734e-8
0.9958043694496155, 0.0006514930864796042, 0.00028892961563542485, 2.946254937796766e-7, 0.00021632715652231127, 0.0030369821470230818, 0.000001735826003823604
0.999466061592102, 0.000030220609914977103, 0.000006379870683304034, 1.3817749788813671e-7, 0.0000067131800278730225, 0.0004901358624920249, 1.6672882452439808e-7
0.9941660761833191, 0.000031403411412611604, 0.00003660341462818906, 4.697540489928542e-8, 0.000002231595772173023, 0.005763552151620388, 1.8034246096476636e-8
0.7502679228782654, 0.000027962681997451, 0.000010281501090503298, 1.4343940790695342e-7, 0.0000638832279946655, 0.24962930381298065, 4.6736533931834856e-7
0.9956063628196716, 0.00015050711226649582, 0.000005202118700253777, 5.400491431828414e-7, 0.0031491443514823914, 0.0010694519151002169, 0.000018845141312340274
0.9991068243980408, 0.0005682689952664077, 0.0000022834269657323603, 2.692553069394421e-9, 2.70188820650219e-7, 0.00032263214234262705, 2.037428448176115e-9
0.9960833191871643, 0.000009196302926284261, 0.000002199362597821164, 3.063473030806563e-8, 9.476941045249987e-7, 0.003904133103787899, 3.6575819706285984e-8
0.9998708367347717, 0.000013729050806432497, 0.000011121233910671435, 5.023703231188392e-9, 8.96237906999886e-7, 0.00010337853746023029, 1.2296948348478054e-8
0.9885351657867432, 0.000034608092391863465, 0.000001224343009198492, 3.434918793843167e-9, 1.5679530918077944e-7, 0.011428474448621273, 3.907841801265022e-7
0.9998650550842285, 0.00006577842577826232, 0.000002450221018079901, 1.2848241581764341e-8, 0.000002844669779733522, 0.00006365535227814689, 2.169160069342979e-7
0.9995142221450806, 0.000011297539458610117, 0.00000988288320513675, 1.9009996776730986e-7, 0.000011509414434840437, 0.0004517626657616347, 8.907192068363656e-7
0.999505877494812, 0.000413318193750456, 0.000022543010345543735, 9.475801476810375e-8, 0.000031030529498821124, 0.00001851438355515711, 0.0000087603330030106
0.996508002281189, 0.0010432038689032197, 0.000020549479813780636, 0.0000024166920411516912, 0.00008924293797463179, 0.002316470956429839, 0.000020108935132157058
0.9345276355743408, 0.00003262683094362728, 0.000009677739399194252, 0.000004950053153152112, 0.00010867213131859899, 0.0653158500790596, 6.664138254564023e-7
0.9952793121337891, 0.00012478882854338735, 0.000017877873688121326, 4.1368892311766103e-7, 0.000007145064046198968, 0.004566512070596218, 0.000003975664640165633
0.9998641610145569, 0.00001909979255287908, 0.0000064293112700397614, 4.533749375923435e-8, 0.0000011481587307571317, 0.00010881554044317454, 2.5922196300598443e-7
0.999253511428833, 0.00001843663449108135, 0.0000014745810403837822, 4.069553583008201e-9, 3.247616859880509e-7, 0.0007262644357979298, 2.6534193509064607e-8
0.9996711015701294, 0.0002589958312455565, 2.07510613137174e-8, 2.3275743311901298e-12, 4.049700574881854e-9, 0.00006982716877246276, 1.4130553616098496e-8
0.9996486306190491, 0.00005130382487550378, 4.547351863948279e-7, 5.73481706567236e-10, 6.996648949098017e-8, 0.0002995352551806718, 1.544647787454778e-8
0.9951291084289551, 0.00003577496681828052, 0.000015381458069896325, 5.375851586109093e-8, 0.0000024535988814022858, 0.004816908854991198, 3.26928102367674e-7
0.9990787506103516, 0.000001606108526175376, 0.000001913233063532971, 6.127878204864601e-9, 6.796760487759457e-8, 0.0009175135055556893, 1.2449948627590857e-8
0.9997387528419495, 0.000002313421418875805, 0.000014068459677218925, 1.5727364655049314e-7, 0.0000030849812446831493, 0.00024186287191696465, 5.859067897517889e-8
0.9981763362884521, 0.000024946220946731046, 0.00030925232567824423, 0.00000295694690066739, 0.00008586364128859714, 0.0013956379843875766, 0.000004990095476387069
0.9959315657615662, 0.000014744951840839349, 0.00006360516999848187, 4.211415216559544e-7, 0.00000601278816247941, 0.00398242799565196, 0.0000010427028200865607
0.9992964863777161, 0.00013775558909401298, 0.0000012634615131901228, 6.083183023974925e-8, 0.0000034727445381577127, 0.000560849264729768, 2.497288562608446e-7
0.99952232837677, 0.00015818834071978927, 6.39535073787556e-8, 2.704622747984331e-9, 0.000006182610832183855, 0.0003128747921437025, 8.780892457593836e-9
0.9990146160125732, 0.000010036373168986756, 0.000025702169295982458, 5.575848760486224e-8, 4.563486584174825e-7, 0.0009490204975008965, 3.139448878641815e-8
0.9578867554664612, 0.0000013223825590102933, 0.000010351702258049045, 8.984896737729287e-8, 0.000009811398740566801, 0.04209147021174431, 2.7117545187138603e-7
0.999197781085968, 0.000011713069397956133, 0.000002395015599176986, 7.213774466663381e-8, 0.000025422434191568755, 0.0007627200684510171, 9.265585987350278e-8
0.9909626841545105, 0.000016690095435478725, 0.000045240161853143945, 8.580282440107112e-8, 0.0000016678018255333882, 0.008973730728030205, 2.9275129875827588e-8
0.999875545501709, 0.00008081767009571195, 0.0000013876220918973559, 2.1422396842551983e-11, 6.069438285294382e-8, 0.00004198583701509051, 1.970867735678894e-8
0.9954409003257751, 0.00013799381849821657, 0.00034619096550159156, 0.0000014540584061251138, 0.00010816851136041805, 0.003963555209338665, 0.000001703351131254749
0.2672228217124939, 0.006357462611049414, 0.0004041764768771827, 0.0003063413896597922, 0.00019124275422655046, 0.46969887614250183, 0.2558191120624542
0.34329381585121155, 0.0002757343463599682, 0.014617318287491798, 0.000038207108445931226, 0.00012281950330361724, 0.6374927759170532, 0.004159290809184313
0.2674800157546997, 0.00017016312631312758, 0.0012537521542981267, 0.0000025938102226064075, 0.00008864605479175225, 0.7308525443077087, 0.00015235616592690349
0.8908014297485352, 0.00020206873887218535, 0.000631115457508713, 0.000004011583314422751, 0.000027929652787861414, 0.10831479728221893, 0.000018747083231573924
0.6939023733139038, 0.000027564836273086257, 0.0014764691004529595, 0.0000014515001112158643, 0.0000033124704259535065, 0.30452248454093933, 0.0000664408435113728
0.9976904392242432, 0.000011877759789058473, 0.00025895287399180233, 3.212561239251954e-7, 0.0000017227076796189067, 0.002029063645750284, 0.000007678177098568995
0.5823929905891418, 0.00023902941029518843, 0.00023729089298285544, 0.000007821450708433986, 0.00008413386240135878, 0.41701653599739075, 0.00002221772047050763
0.9975587129592896, 0.0000174708529812051, 0.00018092416576109827, 3.5561944855544425e-7, 0.000003893041593983071, 0.0022256849333643913, 0.00001300058556807926
0.9451088309288025, 0.0000158795592142269, 0.0005847339634783566, 0.0000029917473511886783, 0.00000680249559081858, 0.05424650013446808, 0.00003423579255468212
0.6917461156845093, 0.00013337424024939537, 0.00031256285728886724, 0.000016278470866382122, 0.00006818855763413012, 0.3076922595500946, 0.00003131241101073101
0.9207950830459595, 0.00018121585890185088, 0.0008759631309658289, 0.000008908121344575193, 0.00007258066034410149, 0.07804249972105026, 0.000023849564968259074
0.9988805651664734, 0.00009396905079483986, 0.00001394020910083782, 2.6032373057205405e-7, 1.825264348553901e-7, 0.001010313630104065, 8.551811561119393e-7
0.9998898506164551, 0.00007170510070864111, 0.0000022979938876233064, 1.0425470264863179e-7, 4.335665266808064e-7, 0.00003540984107530676, 3.6981827378212984e-8
0.9998264908790588, 0.00004008028918178752, 0.000004540581358014606, 1.158262552536371e-8, 1.8038632276784483e-7, 0.00012897713168058544, 9.745056317456147e-9
0.9997053742408752, 0.0000290801290248055, 0.0001923760282807052, 8.347248581230815e-7, 0.000012686100490100216, 0.00005900648102397099, 8.128739636958926e-7
0.999904215335846, 0.00009113979467656463, 8.550557026865135e-7, 8.510025573116309e-9, 4.3022734530495654e-7, 0.0000034532636163930874, 4.2134757904932485e-8
0.9999775886535645, 0.000006779896921216277, 9.310921882388357e-7, 8.363090220342428e-10, 3.032505162536836e-7, 0.000014286142686614767, 3.413966220833231e-9
0.9999704957008362, 0.000009293482435168698, 4.0698921566217905e-7, 5.675990233378059e-10, 2.880848271047398e-8, 0.00002015011887124274, 5.083358622925971e-9
0.9999780654907227, 0.000012887930097349454, 5.350559035832703e-7, 7.82516551556256e-10, 3.29803725662714e-7, 0.000008157171578204725, 1.500605861792792e-8
0.9986807703971863, 0.00009050646622199565, 6.669779395451769e-7, 4.890954130587488e-8, 0.00007687135803280398, 0.0011512053897604346, 1.462878174152138e-8
0.9937161207199097, 0.000016914071238716133, 0.000057599969295552, 1.1592322657349996e-8, 4.2795988974830834e-7, 0.0062089283019304276, 1.7648089212229934e-8
0.9999790787696838, 0.0000016556047057747492, 0.0000011312680499031558, 8.248462535220824e-8, 7.744741310489189e-7, 0.000017263715562876314, 6.5864981024788e-8
0.9987896084785461, 0.0000741933545214124, 0.000022571641238755547, 3.1183151616431815e-9, 6.086409598538012e-7, 0.001108825788833201, 0.000004118046490475535
0.9999518990516663, 0.000002711349452511058, 0.000011476487998152152, 0.0000010312908216292271, 0.0000071811450652603526, 0.00002576887527538929, 2.8904466375934135e-7
0.9998962879180908, 0.0000014630771829615696, 0.0000021934531559963943, 3.5341844295544433e-7, 0.0000016343790321116103, 0.00009808369941310957, 2.2647030917255506e-9
0.9999275207519531, 0.000001882828200905351, 0.00000522403524882975, 2.1155074136913754e-8, 5.340502298167848e-7, 0.00006464956823037937, 2.5811534243302958e-8
0.9997101426124573, 0.000017827942428993993, 0.0000049426048462919425, 2.001468857315558e-8, 6.285109748205286e-7, 0.0002664020285010338, 1.2837713825319952e-7
0.9998383522033691, 5.122656716594065e-7, 7.870473837101599e-7, 4.237760720116057e-8, 1.838553487232275e-7, 0.00016014468565117568, 6.88803547532757e-9
0.999964714050293, 0.000017028905858751386, 0.000002368940840824507, 3.425698835712865e-9, 6.08311893302016e-7, 0.00001536320814921055, 3.21740678543847e-8
0.9996028542518616, 0.000058853154769167304, 0.000022230413378565572, 4.0179955362873443e-7, 0.000003848973392450716, 0.00031108182156458497, 4.802224680133804e-7
0.9998148083686829, 0.00003114149149041623, 0.000009231910553353373, 2.517606390028959e-7, 0.0000016444836319351452, 0.00014256499707698822, 6.574796316272113e-7
0.9999794960021973, 0.000005528590463654837, 2.603395614642068e-7, 3.809859538961291e-9, 9.504684328476287e-8, 0.000014857212590868585, 7.133295287786723e-9
0.9999022483825684, 0.0000017500618696431047, 0.0000015133746273932047, 1.4469536679939665e-8, 5.423143534244446e-7, 0.00009375363151775673, 1.2336093924147917e-8
0.9998145699501038, 0.00003604999074013904, 0.0000029377715691225603, 9.37893585017946e-9, 0.0000011336754823787487, 0.00014530916814692318, 9.715392046416582e-9
0.9672694802284241, 0.00003224147076252848, 0.00014149815251585096, 1.9366231640560727e-7, 0.000010140432095795404, 0.03254629671573639, 7.523889422600405e-8
0.9712270498275757, 0.00006749074236722663, 0.000021917254343861714, 7.283106384647908e-8, 0.000004502038791542873, 0.02867886982858181, 3.319652108757509e-8
0.8596668243408203, 0.000010840724826266523, 0.00006860405846964568, 1.5267124808815424e-7, 0.000001993350906559499, 0.14025071263313293, 9.237588187716028e-7
0.40821853280067444, 0.00013883531210012734, 0.00021943754109088331, 0.000001367608092550654, 0.00018717376224230975, 0.5911911725997925, 0.00004360475213616155
0.6170873045921326, 0.0000362418795702979, 0.0028420472517609596, 0.000028336920877336524, 0.00014788456610403955, 0.3797963261604309, 0.00006184633821249008
0.3154849410057068, 0.00040403971797786653, 0.0024372506886720657, 0.000017928739907802083, 0.00017765790107659996, 0.6814687252044678, 0.000009523613698547706
0.7766684293746948, 0.00122468126937747, 0.004908473696559668, 0.00030577206052839756, 0.0011330056004226208, 0.2155214548110962, 0.00023837048502173275
0.9872438907623291, 0.0001055659304256551, 0.00816598255187273, 0.00006342827691696584, 0.00003657100387499668, 0.0035541655961424112, 0.000830499455332756
0.9661215543746948, 0.00901317223906517, 0.0013613194460049272, 0.000003766826466744533, 0.00005893545312574133, 0.023415787145495415, 0.000025523615477140993
0.10600164532661438, 0.0001049571656039916, 0.020909009501338005, 0.0000035669017961481586, 0.000017629430658416823, 0.872954785823822, 0.000008431241440121084
0.9228739142417908, 0.0002931299968622625, 0.004643728490918875, 0.00010090808791574091, 0.00011565714521566406, 0.06918195635080338, 0.0027907760813832283
0.03654864430427551, 0.0000016315832453983603, 0.00012672715820372105, 0.0000013440533166431123, 0.00000757367888581939, 0.9633129835128784, 0.000001091985382117855
0.9975451827049255, 0.00012526339560281485, 0.0011523566208779812, 1.0434971642325763e-7, 0.00008764913945924491, 0.001087927375920117, 0.0000017038330497598508
0.9966620206832886, 0.00019030249677598476, 0.00027473532827571034, 0.000007388038739009062, 0.000028722377464873716, 0.0028320197016000748, 0.0000049163018047693186
0.9950299859046936, 0.0003703179827425629, 0.001309571205638349, 0.000020435636542970315, 0.0002160839067073539, 0.0030400713440030813, 0.00001367353161185747
0.9793660640716553, 0.0005059103714302182, 0.0015357125084847212, 0.000007389757683995413, 0.00002674259121704381, 0.01854398474097252, 0.000014220696357369889
0.9970725178718567, 0.00006567550008185208, 0.0020708602387458086, 0.000045194577978691086, 0.00013041401689406484, 0.0005340413772501051, 0.00008121472637867555
0.98731929063797, 0.000530471617821604, 0.00024399686662945896, 9.936638889485039e-7, 0.00010395327262813225, 0.011800280772149563, 9.759612566995202e-7
0.4492664039134979, 0.000010168946573685389, 0.0007420419715344906, 0.00001562658326292876, 0.00036088921478949487, 0.5495304465293884, 0.00007447486859746277
0.9742546081542969, 0.00017277129518333822, 0.0021041780710220337, 0.000014083272617426701, 0.000039764268876751885, 0.02332790195941925, 0.00008652692486066371
0.9627031087875366, 0.00048485485604032874, 0.0008583395392633975, 0.0000014162271781970048, 0.000005815172698930837, 0.035881660878658295, 0.00006484345067292452
0.9250381588935852, 0.001682677073404193, 0.01433418970555067, 0.000007561082838947186, 0.0022686251904815435, 0.056624140590429306, 0.00004463421646505594
0.9999361038208008, 0.000059912992583122104, 3.6729960584125365e-7, 7.455114303667187e-11, 3.135164305945182e-8, 0.000003587085075196228, 3.1956046697700913e-9
0.9991104006767273, 0.00003466682028374635, 0.00000941821144806454, 1.2252062475681669e-8, 0.000002354011257921229, 0.0008433012990280986, 7.37607379619476e-8
0.9963985681533813, 0.000012561829862534069, 0.00037300525582395494, 1.4916987822743977e-7, 0.000006960205610084813, 0.003191453404724598, 0.000017387037587468512
0.9924820065498352, 0.0001989822631003335, 0.002229873090982437, 9.534183504911198e-7, 0.0001454708253731951, 0.00493837334215641, 0.000004351767529442441
0.6431531310081482, 0.00005855276685906574, 0.0006514014094136655, 7.59650276904722e-7, 0.00006547774682985619, 0.3560484051704407, 0.00002235022111563012
0.9998383522033691, 0.00010472977737663314, 0.000014507959349430166, 3.2870246524652202e-9, 7.317088375202729e-7, 0.000040788767364574596, 7.032138000795385e-7
0.9999423027038574, 0.000031303989089792594, 0.000008898763553588651, 2.5532753689105903e-10, 8.222701097793106e-8, 0.000017483111150795594, 3.187250285918708e-8
0.9999561905860901, 0.00002632838732097298, 0.000007925406862341333, 1.3668562948154772e-9, 1.0208078293771905e-7, 0.00000927416385820834, 9.199550987659677e-8
0.9998717308044434, 0.0000478710608149413, 0.000018793278286466375, 1.5827885668784347e-9, 1.5955687615587522e-7, 0.0000605211389483884, 8.285227863780165e-7
0.9829027652740479, 0.00005766698450315744, 0.0004276060499250889, 0.0000025105964596150443, 0.000008097976206045132, 0.0165898147970438, 0.000011701755283866078
0.9998603463172913, 0.000044555683416547254, 0.00002103286715282593, 1.3875414595077018e-8, 3.2108883374348807e-7, 0.00007322884630411863, 4.405546008001693e-7
0.9828903079032898, 0.0006807317258790135, 0.00007148587610572577, 3.2879935929486237e-7, 0.000003935881977668032, 0.016311854124069214, 0.00004128543150727637
0.9589884281158447, 0.00028576210024766624, 0.0003924478660337627, 2.2488063677883474e-7, 0.00004989224544260651, 0.04027576744556427, 0.000007555037427664502
0.9998560547828674, 0.00007389645179500803, 0.00000914593692868948, 4.0129098266561414e-8, 1.655011772072612e-7, 0.000058130546676693484, 0.0000025455326522205723
0.9998851418495178, 0.00003917118374374695, 0.000004189230367046548, 2.6478161885279405e-9, 1.0195561372938755e-7, 0.00007118869689293206, 2.0551860302475689e-7
0.9998460412025452, 0.00004497100962908007, 0.000013661786397278775, 1.2195967791228668e-8, 3.7517278883569816e-7, 0.00009474848047830164, 3.165664850257599e-7
0.9997850060462952, 0.0000018762730178423226, 0.00016868446255102754, 1.100898856520871e-7, 0.0000021002053927077213, 0.00004220045229885727, 1.2267572913060576e-7
0.9959019422531128, 0.004093635361641645, 1.688030693003384e-7, 7.268582957742353e-10, 2.2229299645459832e-7, 0.0000039619908420718275, 7.084676401092338e-9
0.9993140697479248, 0.00004469462146516889, 0.00026730785612016916, 8.557410069442994e-8, 0.00000492361277792952, 0.0003687570570036769, 2.598993660285487e-7
0.9902229309082031, 0.00036571509554050863, 0.007798509206622839, 5.8053178264572125e-8, 0.000005718009106203681, 0.001463987398892641, 0.0001431574928574264
0.9766677618026733, 0.0001011866916087456, 0.00003198243575752713, 4.251374363661853e-8, 0.000016147312635439448, 0.023128153756260872, 0.000054693256970494986
0.006378366611897945, 0.0000011428219295339659, 0.0004481636278796941, 1.2245050129422452e-7, 0.0000011100771644123597, 0.9931653738021851, 0.000005786436759080971
0.038413017988204956, 0.0000058896903283311985, 0.0004956188495270908, 0.000010759864380815998, 0.000014869062397337984, 0.9604915380477905, 0.0005682550836354494
0.8761740922927856, 0.00006318756641121581, 0.0007529748836532235, 0.0000861899388837628, 0.000044792166590923443, 0.1227053552865982, 0.0001734693651087582
0.7243385314941406, 0.0001681964349700138, 0.0004662022984120995, 3.516547906201595e-7, 0.000003842709247692255, 0.275015652179718, 0.0000071794270297687035
0.0005589863867498934, 8.733840872743315e-10, 8.735202072784887e-7, 2.2619443817983864e-10, 5.753057474855439e-10, 0.9994403719902039, 6.493285020781059e-9
0.5804149508476257, 0.000013476849744620267, 0.0007817201549187303, 0.000005221204446570482, 0.00008556323155062273, 0.41868099570274353, 0.00001808108208933845
0.9907148480415344, 0.00036301196087151766, 0.00383911095559597, 0.00003046982419618871, 0.004015818703919649, 0.0010248007019981742, 0.000012054912986059207
0.9996467232704163, 0.00007047806866466999, 2.444707547510916e-7, 4.058346159130366e-10, 2.762410247214575e-7, 0.0002822585520334542, 1.1438483937808996e-7
0.8826002478599548, 0.0004149700980633497, 0.00003206243127351627, 0.000021718184143537655, 0.116905078291893, 0.000006425759238481987, 0.00001946643169503659
0.9998770356178284, 0.00008455413626506925, 1.2199031118598214e-7, 1.5195135816270522e-8, 0.00003481823659967631, 0.0000036552662550093373, 6.632180316046288e-8
0.9995893239974976, 0.00023525036522187293, 0.000006837533874204382, 6.658924576186109e-7, 0.00002356330878683366, 0.0001420745684299618, 0.0000023569477889395785
0.9752503037452698, 0.00030774061451666057, 0.0004664140578825027, 0.00011260528117418289, 0.0032103571575134993, 0.01942991092801094, 0.0012227091938257217
0.9970912933349609, 0.001379469409584999, 0.000038213627703953534, 0.0000018739575580184464, 0.0011243256740272045, 0.00023185821191873401, 0.0001330251106992364
0.9963362216949463, 0.0002574653481133282, 0.00026386947138234973, 0.0000657423515804112, 0.001203841995447874, 0.0014394271420314908, 0.00043343123979866505
0.9959468245506287, 0.0002166667691199109, 0.00014878618821967393, 0.000009369192412123084, 0.00016542513913009316, 0.003216474549844861, 0.0002963795850519091
0.9978427886962891, 0.000016324083844665438, 0.00004942241866956465, 8.888957836461486e-7, 0.000035387052776059136, 0.002051695715636015, 0.0000035803620903607225
0.9959613084793091, 0.00009834039519773796, 0.000004165465725236572, 9.2532950191071e-8, 0.0000025689414542284794, 0.0039336103945970535, 1.091096493155419e-7