0.9999961853027344, 0.0000034712572869466385, 3.4211593558097775e-9, 4.715100380449366e-13, 8.981738019997465e-9, 2.786958885891977e-9, 2.442310709227513e-8
0.9999971389770508, 0.0000027690136903402163, 7.87815854219609e-11, 5.82234566074845e-16, 8.918375482558361e-10, 3.3888689632277647e-9, 1.9072733670189024e-10
0.9999980926513672, 0.0000018292865888724918, 2.8764793325031235e-10, 6.088705335407932e-15, 1.2672909832645018e-8, 2.771765039710772e-10, 4.829245892068457e-10
1, 7.508248955900854e-8, 1.7776413230308208e-8, 2.2846628018255433e-13, 7.883929953322877e-9, 2.395627030082892e-9, 1.6323816964813886e-8
0.9999990463256836, 1.1223684737160511e-7, 4.106689175387146e-7, 3.5363583589242964e-11, 1.5216384952054796e-7, 9.169412606979677e-8, 1.1227706409044913e-7
0.9999990463256836, 0.000001401123540745175, 5.648980172523466e-10, 2.789503112006486e-14, 3.3936888854668723e-9, 2.812826083165021e-10, 1.505255475819922e-8
1, 1.6841296712755138e-7, 5.826631976901808e-8, 1.2043511533107315e-13, 1.5675407638582328e-9, 1.9234947856716644e-8, 2.8033736043653334e-7
0.9999985694885254, 1.6501440214256036e-8, 8.370134878532554e-7, 4.7475646461001e-13, 9.01634766847792e-9, 4.925840357827838e-7, 2.8610200430989607e-8
0.9999961853027344, 0.000003911651219823398, 1.7234414784184082e-8, 5.694902448921679e-12, 1.485807956669305e-7, 4.3537021210404703e-10, 1.7121678297371545e-8
0.9999327659606934, 0.0000311427065753378, 0.00001840617915149778, 6.666958651813104e-10, 9.662104503149749e-7, 0.000017021871826727875, 3.446718821464856e-8
0.954380989074707, 0.045473355799913406, 0.00011495271610328928, 2.2861670334606288e-9, 0.000020007397324661724, 0.000010243415999866556, 3.927622174160206e-7
0.9945887923240662, 0.005362641531974077, 0.000018749475202639587, 1.3780043946198806e-11, 0.000029344235372263938, 2.66358398448574e-7, 8.884833846423135e-8
0.8208273649215698, 0.1791619211435318, 4.534768560660041e-9, 1.5515044761091334e-12, 3.898945166724843e-9, 0.000002439202944515273, 0.000008479263669869397
0.9783528447151184, 0.021646881476044655, 1.2455694253787897e-9, 9.116327620095968e-15, 1.9974191189930934e-9, 7.4399792993062874e-9, 1.9979233911726624e-7
0.9994270205497742, 0.00057321967324242, 1.2347173283799862e-10, 9.239473505132535e-16, 7.319624906187983e-10, 6.178477729434917e-10, 9.0249940853937e-9
0.9999542832374573, 0.00004616165460902266, 2.979019253501747e-10, 3.906572703944299e-15, 3.880042509507575e-9, 3.8104189942211875e-11, 2.343317540010048e-9
0.9999113082885742, 0.0000891881572897546, 2.3664247644772374e-11, 7.566297163638899e-18, 2.2930961296463437e-10, 2.2568962757679722e-12, 9.081680407696524e-10
0.9999961853027344, 0.000003894137989846058, 1.8002540569383996e-9, 1.1633349550333166e-14, 6.923853046458817e-9, 9.601049122398564e-12, 1.3551875177597594e-9
0.9999980926513672, 0.0000017405759535904508, 4.5550302418817523e-10, 4.1543361937632865e-15, 7.652448452688532e-9, 1.7746313316427398e-12, 1.8721328931547987e-9
0.9999856948852539, 0.000014522313904308248, 1.8224480813344712e-9, 2.781886761151365e-14, 2.62361909975084e-9, 2.36388852936642e-10, 1.1602718785752586e-9
0.9964323043823242, 0.0009417127002961934, 0.0001068915516952984, 0.000004704394996224437, 0.0022144741378724575, 0.0002985713363159448, 0.0000013666754057339858
0.999995231628418, 0.0000029016341613896657, 2.3600878762408684e-7, 1.1056862890546082e-11, 4.650146365747787e-7, 8.43284738039074e-7, 9.489932450978955e-11
1, 1.8010727131922977e-8, 9.058656935678755e-9, 9.430313246874128e-14, 6.2269580602958285e-9, 1.8949075641927493e-10, 1.189550402624917e-10
0.982983410358429, 0.015713030472397804, 0.0011686765355989337, 2.4972160872493987e-7, 0.00011540176637936383, 0.00000931306385609787, 0.000009923484867613297
0.9999990463256836, 5.742425628341152e-7, 1.8320628569767905e-8, 2.003971532986426e-14, 4.7832666716374206e-9, 9.345590967768658e-10, 1.870423434191526e-11
0.9999971389770508, 5.262793365545804e-7, 8.664042638883984e-8, 1.0510487445658523e-11, 0.0000025280894533352694, 1.922533776621549e-8, 6.141739894438558e-11
0.9999980926513672, 5.308712403007121e-8, 1.2184621311916999e-8, 4.7737341857256865e-11, 0.000001651859520279686, 1.2991653086658062e-8, 3.295152373183896e-9
0.9999980926513672, 2.3612207655787643e-7, 1.9591563216181385e-7, 1.0139736966729984e-10, 0.0000016265240674329107, 1.4229255995701351e-8, 7.478390351423059e-9
0.9999971389770508, 0.0000017320114693575306, 4.705272260707716e-7, 1.123431642852113e-12, 1.8914006716386211e-7, 6.071790181749748e-8, 2.0659166821701547e-8
0.9999990463256836, 0.0000010733195949796936, 1.4907170964306715e-7, 1.6074813734886367e-13, 3.164468154182032e-8, 6.603692526141458e-8, 7.0547483410621226e-9
0.999992847442627, 0.0000054639849622617476, 0.0000016250388625849155, 2.639163301960956e-13, 2.1595171872945684e-8, 1.2306006880180576e-8, 6.635355376261032e-9
0.9999895691871643, 0.0000035832363209920004, 0.0000032980851756292395, 5.064348593264434e-11, 0.0000033633775728958426, 2.1259597815515008e-7, 1.3079062455290114e-7
0.999995768070221, 0.000002703224708966445, 7.79748745571851e-7, 1.1296258199677833e-11, 1.475915070159317e-7, 3.6470217423811846e-7, 4.978807766065074e-8
0.9999842643737793, 0.000002202595396738616, 0.000003885755631927168, 3.759170752459795e-10, 0.00000912755149329314, 5.673371106240666e-7, 5.306221595446914e-8
0.9999637603759766, 0.0000025350107080157613, 0.00002837131432897877, 7.612850794203041e-9, 0.0000020390771169331856, 0.000003424579972488573, 7.402616830631814e-8
0.9999337196350098, 3.4316002484047203e-7, 2.5292962391176843e-7, 1.0642286163431436e-8, 0.00004570601959130727, 0.000019901752239093184, 4.335774406172277e-8
0.419443815946579, 0.021582286804914474, 0.014336947351694107, 0.0001035660898196511, 0.001541835954412818, 0.5428348779678345, 0.0001566562568768859
0.0005140393041074276, 0.9994789958000183, 2.805168186625906e-8, 8.801547164705159e-12, 0.000006794217824790394, 1.1625519391600392e-7, 3.6488739141304904e-8
0.690433144569397, 0.30956360697746277, 0.0000010466874300618656, 4.6868710301684047e-11, 0.0000014269343182604644, 7.014959919615649e-7, 2.3940594928717474e-7
0.38635435700416565, 0.5732126832008362, 0.000965947809163481, 0.0002035167854046449, 0.00020511682669166476, 0.03845354914665222, 0.0006048466311767697
0.9943749308586121, 0.005609587766230106, 0.000002162828423024621, 1.5172395284590579e-10, 4.6799848973932967e-7, 0.000012361740118649323, 5.133829859005345e-7
0.9930880069732666, 0.006911557167768478, 1.328003094158703e-7, 4.7850070260258e-13, 2.199176520889523e-7, 7.306117311145499e-8, 1.594253085102082e-8
0.9999618530273438, 0.000037960347981425, 1.897991319665948e-9, 2.1909411811920146e-14, 1.535300775401538e-8, 2.9400373247057132e-9, 1.2329165466340442e-10
0.9999914765357971, 0.000006257500444917241, 2.6519430207372352e-8, 8.4522714077339e-14, 1.4168528572611194e-8, 0.0000018677369553188328, 6.607342584175058e-7
0.9999980926513672, 0.000001617769839867833, 2.0134409339789272e-7, 1.4225911572872396e-13, 4.923783158972128e-9, 1.5293549537886975e-8, 6.288518150654454e-9
0.9999990463256836, 0.0000014189972716849297, 5.930359492367643e-8, 2.1797659367057097e-14, 1.457056808540358e-9, 3.417158778162843e-9, 2.404861199067909e-9
0.9999990463256836, 2.984892830681929e-7, 1.973261021248618e-7, 1.4383444793281824e-13, 1.732710153135031e-8, 5.0138897478291256e-9, 8.583687649554861e-10
1, 1.5308012280002004e-7, 2.0984013815450453e-7, 3.3328277204008883e-13, 3.0518311433525014e-8, 1.0016755425112933e-8, 1.0873827394064506e-9
1, 2.4822918476274936e-7, 1.0130690952792065e-7, 1.541198809199007e-13, 5.017682624952613e-8, 5.071564057601563e-9, 4.2906864172742587e-10
1, 1.532297488893164e-7, 1.1196370053312421e-7, 7.118618709908361e-14, 3.355001965132942e-8, 2.664291898213378e-9, 1.5160122046609104e-9
1, 2.4584403490734985e-7, 1.4366089828854456e-7, 1.5232310042207625e-13, 4.6417561350153846e-8, 5.5409064003697495e-9, 1.8676582502763495e-9
0.9999990463256836, 3.185278671935521e-7, 3.229851301966846e-7, 1.742563612936593e-13, 3.806501069902879e-8, 4.614399973235095e-9, 7.177795580126656e-10
0.9999990463256836, 4.651296023894247e-7, 1.5437575484611443e-7, 6.768900761081054e-13, 5.422305093816249e-8, 6.779207861740133e-9, 1.8052137562563075e-9
0.9999990463256836, 9.766530411070562e-7, 3.623232487370842e-7, 1.633632058838444e-13, 1.1301499291960226e-8, 3.643662793706426e-8, 3.950546911823949e-8
0.9999971389770508, 4.691501089837402e-7, 0.000001961558837138, 4.788481243467313e-12, 8.716801858099643e-8, 4.853785640079877e-7, 2.2428148227504607e-9
0.9999980926513672, 0.0000015107858644114458, 1.6051235718350654e-7, 1.1666371129781875e-14, 3.7611891379185636e-9, 1.2919645797637713e-8, 4.896253180675103e-9
0.9999990463256836, 2.9682743729608774e-7, 1.84946543413389e-7, 8.204666330016708e-13, 4.753856686079416e-8, 2.4650178787055665e-8, 1.3233394380307573e-9
0.9999980926513672, 0.0000015835419162613107, 4.433433957728994e-7, 1.0914329878243534e-13, 8.186926692133056e-9, 4.218559368496244e-8, 2.921879271866601e-8
0.9999961853027344, 0.0000012250992540430161, 0.0000028456252039177343, 4.450889526733115e-13, 2.419220734850569e-8, 3.2305688790756903e-8, 4.070613357498587e-8
0.9999938011169434, 6.372452503455861e-7, 0.00000547260970051866, 1.6531947685805015e-11, 2.478530518601474e-7, 9.213987084422115e-8, 1.4720859198291691e-8
0.9999814033508301, 0.0000018340401766181458, 0.00001655123196542263, 8.975768912844462e-12, 1.1866993077092047e-7, 2.2636970697931247e-7, 8.162361098129622e-8
0.9999990463256836, 7.72970452089794e-8, 7.370975367848587e-7, 6.210294323065468e-13, 7.281412450765856e-8, 1.4466571940374706e-8, 5.328077423705224e-10
0.9999933838844299, 4.7549687565151544e-7, 0.000005493094249686692, 4.4592999431936065e-11, 7.592526571897906e-7, 1.8783728705784597e-7, 4.966362876501762e-9
0.9999971389770508, 0.000001402068505740317, 0.0000010113360531249782, 9.559948319082245e-13, 1.6872498065367836e-7, 7.095286491676234e-8, 5.160689653394002e-9
0.9999990463256836, 6.351752972477698e-7, 1.8659872580428782e-7, 2.0936384407827663e-13, 6.888417658501567e-8, 1.9565524311815352e-8, 4.822355292866121e-10
0.9999966621398926, 0.0000010213085488430806, 0.0000021980515612085583, 2.3654583066606838e-12, 2.0041059656250582e-7, 6.038519728690517e-8, 1.0255870819264601e-8
0.9999990463256836, 2.0657445531924168e-7, 7.001302719800151e-7, 1.0454126713604905e-12, 7.819507885642452e-8, 1.5240788187043108e-8, 1.0186872456685592e-9
0.9999933838844299, 7.365597980424354e-7, 0.0000058594700931280386, 1.3222343142257897e-12, 3.7878010061831446e-8, 3.421050465135522e-8, 5.282542048234973e-8
0.9999923706054688, 5.228872623774805e-7, 0.000006637591923208674, 1.668843362112593e-11, 3.388044547136815e-7, 2.744725406955695e-7, 7.031395021783737e-9
0.9999971389770508, 0.0000010199821645073825, 0.0000014333381841424853, 3.819805582949698e-12, 3.9737628299008065e-7, 8.877847790245141e-8, 4.050316526615916e-9
0.9999895691871643, 0.0000015925509160297224, 0.000008641345630167052, 1.9566123894698695e-12, 8.741163526337914e-8, 7.19642798685527e-8, 7.098645937730907e-8
0.9999861717224121, 3.685872513869981e-7, 0.000012863247320638038, 3.0502622996864126e-12, 1.552185295849995e-7, 3.1123676080824225e-7, 5.582731166242638e-9
0.9999980926513672, 5.550855348701589e-7, 0.0000016966803286777576, 6.619051552518573e-14, 6.75134659289256e-9, 2.3979495722414867e-8, 7.285553493829866e-9
0.9999914765357971, 3.572286573216843e-7, 0.000008275922482425813, 2.4532817183980926e-12, 3.4818473437780995e-8, 1.6548783321468363e-7, 2.38535253771488e-8
0.9999856948852539, 1.5521750640346e-7, 0.000013745941032539122, 1.4885549390331043e-11, 3.2646335057506803e-7, 1.8662635170585418e-7, 6.566969634747011e-9
0.9999904632568359, 4.756591067689442e-7, 0.000008212368811655324, 9.312784050863332e-12, 1.0589724297460634e-7, 7.798869319231017e-7, 4.6273083142978066e-8
0.9999814033508301, 3.7130661212358973e-7, 0.000017854194084065966, 1.9862410327586844e-12, 4.267965181270483e-8, 8.455935329720887e-8, 5.1166800574264926e-8
0.9999971389770508, 9.68812173596234e-7, 0.0000018772357179841492, 3.719808478169079e-13, 1.417932171676739e-8, 2.0114962140382886e-8, 2.7739899266521206e-8
0.9999890923500061, 2.417957603029208e-7, 0.0000022456540591520024, 1.3609780837031682e-11, 1.5424376442751964e-7, 0.000008282654562208336, 4.373680084768239e-9
1, 1.592713161358006e-8, 5.897646104813248e-8, 9.15397247477738e-14, 1.878330824212071e-9, 3.274502091699105e-7, 2.8001845286951266e-10
0.9999070167541504, 6.994687851147319e-7, 0.000012498068826971576, 1.4051028569828095e-11, 2.094914322015029e-7, 0.00007957607886055484, 5.054842233676027e-8
1, 7.455132511324791e-9, 7.0692105502701e-9, 2.733084483556858e-13, 2.2727594028992826e-8, 5.128125479814116e-9, 2.8336871737977276e-10
0.9999947547912598, 0.000004194777829980012, 1.4585889118734485e-7, 1.382597595439572e-12, 3.8753977804617534e-8, 0.0000010034117394752684, 8.956351216227176e-9
1, 4.731853664452501e-8, 3.8003710756129294e-7, 5.825663302455597e-13, 1.5423623267452058e-8, 1.9190547817515835e-8, 3.2646815806280927e-10
0.9999909400939941, 7.960701964293548e-7, 0.000007888495019869879, 4.175772574943615e-12, 1.11840762428983e-7, 3.1493220831180224e-7, 3.876868603924777e-8
0.9999961853027344, 0.0000012956677437614417, 0.0000024987614324345486, 1.2365078579101851e-12, 6.805923646879819e-8, 1.5549703391570802e-7, 4.5225306166685186e-8
0.9999990463256836, 3.17412201411571e-7, 2.0099435005249688e-7, 6.085566078839477e-13, 3.445830287773788e-8, 2.6542087638858902e-8, 1.1126162213770385e-9
0.999995231628418, 7.756545983284013e-7, 0.0000034842553304770263, 2.2052971428154766e-12, 2.2348613981648668e-7, 7.110687505473834e-8, 1.868690624462488e-8
0.9999990463256836, 2.0421015278770938e-7, 2.1011885564803379e-7, 5.219315105976785e-13, 5.0528644379710386e-8, 6.359391679922055e-9, 1.318432252261914e-9
0.9999799728393555, 0.000008340927706740331, 0.000008266671102319378, 1.545608085962158e-10, 2.5120539248746354e-7, 0.0000030858011541567976, 8.82011335079369e-8
1, 1.49988991893224e-7, 1.9107588844491374e-9, 3.0585692686906822e-15, 1.3044973101727919e-8, 3.719079932906766e-9, 2.1740322875274387e-9
0.9999618530273438, 0.000037882087781326845, 9.635993114542885e-10, 2.1919641428824136e-15, 2.2929079079858639e-7, 8.932807271655463e-11, 4.296618616450587e-11
0.9999942779541016, 0.0000026850839276448824, 5.640150675390032e-7, 3.7211904564682374e-12, 5.111048295702858e-8, 4.3080735423473016e-8, 0.000002517599568818696
0.9999809861183167, 0.000018943346731248312, 1.2561285345213946e-10, 4.837202297378442e-15, 5.4562687701320556e-9, 5.29287447204041e-10, 7.56948670410651e-11
0.9959418177604675, 0.004058115184307098, 4.975583833832786e-10, 1.1362704524235288e-15, 4.678098797228358e-9, 4.678222254028697e-10, 2.62455235322534e-9
0.9999513626098633, 0.00004916525722364895, 1.0489789592504906e-10, 1.6217579740541717e-15, 2.1709964936889037e-9, 3.0768397812214188e-12, 2.5518442914318484e-10
1, 1.892573777695361e-7, 1.530244908565237e-8, 5.468923111682372e-14, 1.915440472899377e-9, 3.4048610597636753e-9, 2.566612877785701e-8
0.9999895691871643, 0.000010475027011125349, 2.2488272577447788e-8, 4.519489640929068e-14, 2.5577312712243838e-8, 1.5606012315760864e-10, 1.6349063969300914e-7
0.9999532699584961, 0.00004645482113119215, 7.627559917011695e-9, 1.5293411610890761e-13, 1.1149368361884626e-7, 2.279072347510791e-10, 2.1123327087479993e-8
0.9999837875366211, 0.000015628627807018347, 5.883379117221921e-8, 2.7688610884884883e-14, 4.4470593252299295e-7, 1.2332685983551528e-9, 3.259765027352479e-11
0.9999971389770508, 0.0000027856212909682654, 1.0562766661337264e-8, 2.214500067695968e-12, 2.0027842140279972e-7, 1.5092370408975597e-10, 2.744275473531843e-9
0.9999990463256836, 8.301158800350095e-7, 1.002372318481548e-8, 1.980692302880338e-12, 1.1616132411518265e-7, 2.8766428128434995e-10, 1.2133839710770644e-8
0.9999761581420898, 0.000021333786207833327, 9.775909575182595e-7, 5.633348388461856e-12, 0.0000014077986634219997, 5.2336933009655695e-8, 2.3540176030678595e-8
0.9999837875366211, 0.00001323769538430497, 0.000002182215894208639, 5.0961509318048215e-12, 7.434846338583156e-7, 8.726533451408613e-8, 4.522339835943967e-9
1, 2.130337906081081e-9, 6.427934806652047e-8, 7.685796985824889e-13, 3.871838671898331e-8, 1.7466733837068205e-8, 6.287745879518525e-10
0.9999933838844299, 3.7187061252552667e-7, 0.0000020001909888378577, 3.56644019872121e-10, 0.000002976463747472735, 7.469112262015187e-8, 0.0000011719545227606432
0.9999976754188538, 2.6668467967283505e-7, 0.0000012081798104190966, 1.3396506126639451e-12, 2.878327975963657e-8, 1.8167298776461394e-8, 7.544707045781252e-7
0.9999923706054688, 1.66366618259417e-7, 0.0000059062444961455185, 8.504268795249403e-13, 1.7345024971859857e-8, 5.2327454369560655e-8, 0.0000014491358797386056
0.9999904632568359, 5.491635590715305e-8, 0.000009096892426896375, 1.3991357985382313e-12, 2.1054988863511426e-8, 7.981704897019881e-8, 3.227277716177923e-7
0.9999899864196777, 2.3589399233969743e-7, 0.000009203455192619003, 1.6900630200877842e-12, 3.606787046805948e-8, 1.4375399359778385e-7, 6.51802054107975e-7
0.9999961853027344, 3.789799585263154e-9, 4.7511295520052954e-7, 3.4225348249927734e-11, 7.257894196754933e-8, 0.0000031537215363641735, 9.429350456002794e-8
0.9999451637268066, 0.00004038309270981699, 0.0000014162196748657152, 5.45121517370184e-11, 0.000012952343240613118, 2.9766173526013517e-8, 1.194479892774325e-8
0.9998888969421387, 0.00008815297769615427, 0.00000794109746493632, 5.266636016187931e-9, 0.000006348092483676737, 3.139320199352369e-7, 0.000008239164344558958
0.9920779466629028, 0.00789924617856741, 0.000008991004506242462, 2.2809774902210478e-10, 0.0000069535558395728, 0.000001135064280788356, 0.000005943192263657693
0.9977877736091614, 0.0002211712417192757, 0.0018307596910744905, 2.2598278803798166e-8, 0.000013219087122706696, 0.00007336742419283837, 0.00007374819688266143
0.9995743036270142, 0.0004098138306289911, 0.000008652651558804791, 6.846228445267499e-11, 9.118096500060346e-7, 0.000005801312454423169, 5.500100428434962e-7
0.9995211958885193, 0.00036451799678616226, 0.00004431579145602882, 5.213962595007615e-10, 0.00000927203018363798, 0.00005819613943458535, 0.000002512861101422459
0.9982067346572876, 0.0003481284948065877, 0.0012131365947425365, 3.887009825120913e-9, 0.00003742723129107617, 0.00015542148321401328, 0.000039122045563999563
0.9989386796951294, 0.0009535733261145651, 0.000078291428508237, 8.627112912940049e-10, 0.0000037400795918074436, 0.000020115609004278667, 0.00000550798040421796
0.9696650505065918, 0.0018918955465778708, 0.007146680727601051, 2.0368625897049242e-8, 0.00006829953053966165, 0.00000861293483467307, 0.021219423040747643
0.9999204277992249, 0.00007766313501633704, 4.734043557164114e-7, 8.15255935676662e-12, 7.769723993078514e-7, 1.4797133518484884e-9, 6.70061581331538e-7
0.999915599822998, 0.0000072852153607527725, 0.000012215733477205504, 8.901765990998456e-10, 0.00005245870852377266, 0.0000126293043649639, 2.8831189879952035e-8
0.9999594688415527, 0.0000055963569138839375, 0.0000017691935454422492, 3.0541116302629234e-9, 0.000033148779039038345, 2.359382911265584e-8, 1.1128912547064829e-7
0.9999675750732422, 0.00003237882265239023, 5.475158104673028e-9, 8.251028407334129e-15, 1.8709402915817464e-9, 6.376634463511888e-12, 4.866457237184818e-10
0.9999523162841797, 0.00004803925912710838, 4.873572101438128e-10, 6.928498162666458e-16, 1.6914194489459078e-8, 2.2657995271679887e-12, 2.8913757499360315e-10
0.9999990463256836, 9.78651314653689e-7, 1.021276285761985e-9, 1.7560745338342926e-13, 8.082724711755418e-9, 8.204209533957396e-11, 2.2587408332608305e-10
0.9999818801879883, 0.00001777612851583399, 2.3454966857627824e-9, 8.505101869093687e-15, 8.81902906257892e-8, 1.8182368805019777e-11, 5.964327920437995e-10
0.9999961853027344, 0.000003716238552442519, 1.0077192413859848e-9, 2.413231933891518e-14, 7.369455712336048e-9, 1.93068991349854e-10, 1.1154499546250918e-9
0.9999971389770508, 0.0000029008670026087202, 2.2967185486777453e-8, 2.4639139470025717e-13, 1.1050167891824003e-8, 5.70957225942692e-10, 4.1002340411822047e-10
0.9999990463256836, 8.329467391376966e-7, 5.0346407043377894e-9, 1.1634871668539382e-13, 1.7904557836345703e-8, 2.1170212805010635e-10, 3.8295441817659537e-10
0.9999904632568359, 0.000009299333214585204, 1.1994059434528026e-7, 4.279300004628173e-12, 2.992605914187152e-7, 2.14198192516335e-9, 3.589732955333602e-9
0.9999637603759766, 0.00003553470378392376, 1.8703588011703687e-7, 2.6705519306363668e-12, 1.7472946467478323e-7, 1.3421659339485359e-9, 4.872605430250587e-9
0.9998369812965393, 0.00016177377256099135, 3.435654036820779e-7, 1.8188354468373635e-12, 7.621783311151376e-7, 6.934653384860212e-8, 4.519697949234569e-9
0.99952232837677, 0.00047642120625823736, 1.8739081042440375e-7, 3.2049514951670854e-12, 0.000001194542960547551, 1.0328422561656225e-8, 1.3104644480677052e-8
0.9999752044677734, 0.000022748497940483503, 6.157283110042044e-7, 2.48275185132929e-12, 0.000001199053940581507, 4.1173557008278294e-8, 1.4359559097343322e-9
0.9999752044677734, 0.00002342229890928138, 0.0000011322555337756057, 1.329969337784953e-12, 5.31035482254083e-7, 3.565039818909099e-8, 2.9288103192692816e-11
0.9999785423278809, 0.00001071822134690592, 0.0000027276903438178124, 1.3998148126748156e-11, 0.000008073090612015221, 7.524088374566418e-8, 8.074031443427998e-10
0.9999895691871643, 0.000004611313670466188, 4.4669937437902263e-7, 2.8831043455412875e-12, 0.000005561491889238823, 1.3396945774957203e-8, 3.6766360789197705e-11
0.9999828934669495, 0.000005944897566223517, 1.5854733703690727e-7, 9.929997362573273e-13, 0.000010779484000522643, 4.004933717993708e-9, 2.6834770516792616e-10
0.9999990463256836, 7.796755880917772e-7, 4.4726664327754406e-7, 2.1630837583348078e-13, 1.403107035002904e-7, 1.5235146477721173e-8, 7.844712379689867e-11
0.999995231628418, 0.0000045032293201074935, 2.434444468235597e-7, 4.76673388261073e-13, 9.553401270068207e-8, 4.837584777206416e-10, 1.0444731191050494e-10
0.9999961853027344, 0.0000036634905882237945, 2.3820527417228732e-7, 1.496855482445436e-13, 8.326792055868282e-8, 1.0024743701819716e-8, 1.2294332218942827e-10
0.9999895691871643, 0.000009100272109208163, 1.1659320620083236e-7, 7.666039163059871e-14, 9.221127470482315e-7, 2.3685746697310606e-9, 7.042038480120638e-11
0.9999780654907227, 0.000016377911379095167, 0.0000028661572741839336, 1.910094695259379e-12, 0.0000027043256523029413, 1.341392508180661e-8, 2.5601434305855264e-9
0.9999885559082031, 0.000005197416612645611, 3.853749603877077e-7, 7.205112157945837e-13, 0.000005756792234024033, 4.4621364381214335e-9, 5.067449238005395e-10
0.9999876022338867, 0.000009187164323520847, 9.725401923788013e-7, 1.096107904961785e-12, 0.000002417944642729708, 1.7362001614174005e-8, 7.936858392731949e-10
0.9999933838844299, 0.000005782849711977178, 6.71332287538462e-8, 8.601114747730856e-14, 5.816941666125786e-7, 2.2095574259139994e-9, 3.940235290822436e-11
0.9999923706054688, 0.000007272993570950348, 2.2254177167724265e-7, 1.7953961071754537e-13, 4.278897449694341e-7, 1.146895112213997e-8, 6.497467841537485e-11
0.9999923706054688, 0.000006589066742890282, 3.193112547705823e-7, 7.0304391919674e-14, 4.899237637800979e-7, 2.427637646462699e-9, 5.6727719743854266e-11
0.9999904632568359, 0.000008005641575437039, 0.0000014635395473305834, 3.708985429982242e-13, 1.0237203440510712e-7, 1.2942246385705403e-8, 3.80449394210558e-10
0.9999866485595703, 0.000010604826456983574, 0.0000015370634400824201, 2.8190996629109955e-13, 0.0000010017920430982485, 8.151157082636473e-9, 2.7048838169285716e-10
0.9999828934669495, 0.000016152287571458146, 5.655383006342163e-7, 5.979859077527572e-13, 0.0000010039544804385514, 7.465212448209968e-9, 1.4125063618752876e-10
0.9999828934669495, 0.00001412371602782514, 0.000002345598659303505, 1.3579748220013399e-12, 6.717157816638064e-7, 2.1183481635489443e-8, 9.61832724577505e-10
0.9999837875366211, 0.000015280864317901433, 5.31418947957718e-7, 6.479351018391644e-13, 5.706319257114956e-7, 7.0359051917989746e-9, 4.5049092234350496e-10
0.9999904632568359, 0.0000024933165150287095, 0.0000021937605652055936, 5.024321887356353e-13, 0.00000497903101859265, 4.715404955391023e-9, 6.655721807025117e-11
0.9999799728393555, 0.000020060209863004275, 2.0993033089666824e-8, 1.2871469298389449e-13, 1.4412698590149375e-8, 8.42042613413696e-9, 9.03141728070267e-11
0.9999866485595703, 0.0000011677863085424178, 0.000011806805559899658, 7.173717349318043e-12, 9.34466370949849e-9, 1.0987381671156982e-7, 8.936303780293642e-11
0.9999947547912598, 4.0678750679035147e-7, 4.769273118654382e-7, 2.2702822261022604e-11, 9.48619245377813e-8, 0.000004376820470497478, 5.429665161926778e-9
0.9998064637184143, 0.00019371630332898349, 1.1071576011545403e-7, 3.0427145178424375e-12, 3.382995572565051e-8, 6.848200939657545e-8, 4.4576373703364425e-9
0.9986676573753357, 0.0013322328450158238, 8.364228420987274e-9, 4.604254802940966e-13, 7.730778683878725e-9, 7.505638777161039e-9, 2.5709223905323597e-7
0.9094659686088562, 0.09053424745798111, 4.527137331677977e-9, 1.1963466241965426e-13, 6.171072985949877e-9, 3.4742557719624756e-9, 2.6684128684451025e-8
0.9999352097511292, 0.00006535843567689881, 3.6696137795111383e-10, 7.02381573313305e-15, 4.658774477306338e-10, 7.101687987676186e-11, 6.817181541496353e-11
0.999995231628418, 0.000004952927156409714, 1.4787433499918734e-9, 1.9225750548870768e-14, 4.1321285948470177e-8, 5.850167572596376e-10, 3.0087404789824745e-10
0.9999971389770508, 0.0000027476148716232274, 1.168306978938105e-10, 1.4649669874405987e-15, 3.242777713019507e-10, 1.6972145910898462e-10, 3.7951052023199594e-11
0.9999980926513672, 0.0000021989787910570158, 7.699749726697291e-10, 1.1964747802814622e-14, 1.4562672179252445e-9, 4.897373062640042e-10, 4.132249264987564e-10
0.9999980926513672, 0.0000018672110400075326, 5.388176016474233e-10, 3.203816403255129e-14, 5.82103520940791e-9, 5.3304166636181094e-11, 2.0167954112304542e-11
0.6406840085983276, 0.007168518844991922, 0.02897423505783081, 0.0019375280244275928, 0.0002213866973761469, 0.31767165660858154, 0.0033425737638026476
0.7874898910522461, 0.0005204625776968896, 0.00468575581908226, 0.001262154197320342, 0.20256716012954712, 0.0020865111146122217, 0.0013881834456697106
0.9836928248405457, 0.006533030886203051, 0.00000836251365399221, 0.000003119506345683476, 0.00969638116657734, 0.00006620926433242857, 1.377170093519453e-7
0.9999971389770508, 0.000002794126885419246, 2.0294894653716256e-9, 3.664049383453501e-15, 9.176824300460851e-10, 2.3579485031177683e-8, 1.7500251248137033e-11
0.9999570846557617, 0.000018841441487893462, 0.000014847238162474241, 1.4017350613571011e-9, 0.0000067004471020482015, 0.0000025102112886088435, 1.7779302652343176e-7
0.8784675598144531, 0.03269191458821297, 0.01052541472017765, 0.0003424117749091238, 0.0027385083958506584, 0.00022772450756747276, 0.07500635832548141
0.8392051458358765, 0.08308222144842148, 0.06428465247154236, 0.000041505518311169, 0.0011410622391849756, 0.0067583974450826645, 0.005487083923071623
0.9992411732673645, 0.0007170466706156731, 0.0000067934543039882556, 2.133136584037132e-10, 0.000031497776944888756, 0.000003484605485937209, 2.7015995343604438e-11
0.995469868183136, 0.0012246383121237159, 0.001881669508293271, 0.000005210592007642845, 0.001364195835776627, 0.0000507297481817659, 0.000003854967417282751
0.9997296333312988, 0.0002456769871059805, 0.000012059104847139679, 5.764219310200325e-11, 0.000012543740012915805, 4.447911905458568e-8, 1.648316754199186e-7
0.07384959608316422, 0.0041744583286345005, 0.003188098780810833, 0.0005266101798042655, 0.0012681488879024982, 0.9053958058357239, 0.01159730926156044
0.9961912631988525, 0.000936805852688849, 0.00014969259791541845, 0.000004173348315816838, 0.00004221041308483109, 0.002675086259841919, 5.997545144964533e-7
0.9958292841911316, 0.0039591314271092415, 0.00008792489825282246, 3.4051623742925585e-8, 0.0000025594595172151458, 0.00011926925799343735, 0.0000018624084532348206
0.9978187084197998, 0.0014322553761303425, 0.0007075440371409059, 5.0874531254407884e-9, 0.000016697344108251855, 0.000020987521565984935, 0.000003814899173448794
0.7898543477058411, 0.041167423129081726, 0.00010444251529406756, 0.000989631051197648, 0.00835100281983614, 0.15924768149852753, 0.0002855181519407779
0.3587512671947479, 0.0278122890740633, 0.003297432791441679, 0.023121779784560204, 0.20285257697105408, 0.37998220324516296, 0.00418243370950222
0.9924522638320923, 0.0015789477620273829, 0.0006610993877984583, 0.00014438614016398787, 0.0027597632724791765, 0.0023409125860780478, 0.0000627987683401443
0.9994456171989441, 0.00023425101244356483, 0.0002453853376209736, 2.2514687714192405e-7, 0.00004412634007167071, 0.000030293933377834037, 7.699667747829153e-8
0.999995231628418, 0.000004544923740468221, 8.304123610969327e-8, 3.737169254613981e-11, 1.8088209685629408e-7, 1.0099238068050909e-7, 6.042576927711707e-8
0.999969482421875, 0.000030358865842572413, 2.1964279284247823e-9, 1.5465443595902295e-12, 4.809620790524605e-8, 1.3318184777233455e-8, 3.4833483653073927e-8
0.9999933838844299, 0.000006193991339387139, 4.238674411460863e-10, 1.5109282911190264e-13, 9.16558278163393e-8, 5.201782893315965e-10, 7.6052359077039e-8
0.9999856948852539, 0.000013855652468919288, 2.643769203558577e-9, 1.9985501155481838e-13, 5.334660002631608e-8, 2.187661385377737e-9, 8.618357583145553e-8
0.9998927116394043, 0.00006378398393280804, 0.000002112871470671962, 4.092359784380051e-10, 0.000041248385969083756, 3.796223424501477e-8, 4.986640078641358e-8
0.9996386170387268, 0.00012674089521169662, 0.00022762140724807978, 2.878221394553293e-8, 0.00000524725828654482, 0.0000010324476988898823, 7.258536811605154e-7
0.18277253210544586, 0.0006135456496849656, 0.12416672706604004, 0.0000043375052882765885, 0.0027736134361475706, 0.6374106407165527, 0.05225878953933716
0.9999151229858398, 5.896546326766838e-7, 0.0000014106342405284522, 9.807665790617648e-11, 0.00008296248415717855, 1.2832810369900471e-8, 1.615961697787327e-9
0.011440095491707325, 0.9833467602729797, 0.00032673016539774835, 2.4065724968380664e-9, 0.000543115776963532, 0.004268574994057417, 0.00007482685759896412
0.11403270810842514, 0.28278741240501404, 0.009428082965314388, 0.00007028024992905557, 0.43541449308395386, 0.11164262890815735, 0.04662450775504112
0.37145423889160156, 0.5067943334579468, 0.040675096213817596, 0.000018787675799103454, 0.016943320631980896, 0.04790003225207329, 0.016214145347476006
0.5467314124107361, 0.4316249489784241, 0.005649644415825605, 0.00038107525324448943, 0.013005023822188377, 0.002341039478778839, 0.00026687863282859325
0.6394402980804443, 0.3404395878314972, 0.0008114533266052604, 2.800014220483149e-9, 1.3169356805065036e-7, 0.01930525153875351, 0.0000033566122965567047
0.16495133936405182, 0.8310384154319763, 0.0019140184158459306, 1.2523543091447209e-8, 0.0000015028115285531385, 0.0019632240291684866, 0.00013159112131688744
0.009463592432439327, 0.9900633096694946, 0.0000053486278375203256, 3.127332171004582e-9, 6.233711928871344e-7, 0.000008185215847333893, 0.0004588586452882737
0.6298199892044067, 0.37016767263412476, 8.736230370232079e-7, 1.2725311256123195e-11, 1.1496215535089505e-7, 6.620519457101182e-7, 0.000010759110409708228
0.9990096688270569, 0.0009906841441988945, 6.993052664716615e-11, 7.92010017872906e-17, 2.9349384034205173e-10, 1.4518690069631468e-12, 6.388666817791488e-10
0.02159581519663334, 0.9784042239189148, 7.14514980515446e-9, 2.6634543095344076e-13, 1.9503284320876446e-8, 4.8797158314073386e-8, 1.130169380303414e-8
0.99751216173172, 0.0024872764479368925, 2.8652406669493757e-8, 6.158522585127113e-13, 3.305681062215626e-8, 5.073891862217295e-10, 6.468693669603454e-8
0.9705962538719177, 0.029403626918792725, 7.345050789808738e-8, 4.494879295158238e-12, 9.765110320358872e-8, 1.5547750820132933e-7, 1.359053936056398e-8
0.5138291716575623, 0.0008360329666174948, 0.0019168697763234377, 0.011475120671093464, 0.4554970860481262, 0.01002817414700985, 0.006417430005967617
0.9288133382797241, 0.04806474223732948, 0.00283188303001225, 0.000005273128863336751, 0.02019510790705681, 0.00006010181095916778, 0.00002962352300528437
0.005364460404962301, 0.9946348071098328, 9.36560384801055e-10, 4.7950064058222e-12, 1.4825056382505863e-7, 6.727636781000967e-10, 3.2855470522008545e-7
0.999599039554596, 0.00039585662307217717, 4.5016162175670615e-7, 3.534245673897374e-10, 0.0000034393806345178746, 2.5506972534117267e-8, 9.198844850288879e-7
0.9999495148658752, 0.000049916492571355775, 1.7941641061725022e-8, 1.5789473678182175e-12, 6.220589057193138e-7, 2.970520218692485e-10, 2.659052356079883e-8
0.9999303817749023, 0.00006948711961740628, 3.976937179572815e-8, 3.7233313220780273e-13, 2.177823716920102e-7, 1.9575228937807054e-10, 5.773355127303148e-8
0.9998483657836914, 0.0001509330322733149, 2.8769846949217026e-7, 1.9799826708744028e-11, 3.9679827068539453e-7, 6.422277820661293e-9, 1.2717639208403853e-7
0.9999547004699707, 0.00004374211493995972, 7.160288646446133e-7, 7.7794498273831e-12, 5.64091124033439e-7, 1.1971532209997804e-8, 3.3100278074016387e-7
0.9999608993530273, 0.00003808894325629808, 3.021096688371472e-7, 2.5976475744732275e-12, 9.051640859070176e-8, 2.1770178992852607e-9, 1.0468092170867749e-7
0.9997225403785706, 0.0002770580758806318, 1.5488582505440718e-7, 2.5190190221685864e-15, 1.2030825757847197e-7, 3.1254596688512493e-9, 1.647569754237299e-11
0.9999628067016602, 0.00001664466799411457, 7.336820431191882e-7, 8.953995878080434e-11, 0.000019957282347604632, 2.268871757138413e-9, 8.684857988328076e-8
0.9998273849487305, 0.00017178256530314684, 2.2321388826185284e-7, 2.8534581381772783e-12, 8.000637308214209e-7, 1.269123695024632e-9, 1.6319198437031446e-8
0.9999990463256836, 2.729501602516393e-7, 1.1872266014734123e-7, 6.99441199403239e-12, 3.5366710449125094e-8, 2.5196345010414234e-9, 2.2118632614365197e-7
0.9999790787696838, 0.000020603902157745324, 1.3770207374363963e-7, 4.8167103985918835e-12, 3.8945660918443537e-8, 9.970170244955057e-10, 2.1413275419490674e-7
0.9999942779541016, 0.0000061192713474156335, 5.4361223078558396e-8, 5.986440184714559e-13, 1.211655842325854e-7, 9.102247289227705e-10, 4.663802499749181e-8
0.9999847412109375, 0.00001409946253261296, 1.6514010781065736e-7, 4.3245602411590145e-12, 7.529252457061375e-7, 1.5660099883518797e-9, 6.00374949755178e-9
1, 1.1621493456459575e-7, 1.1680180378448313e-8, 2.007097558900245e-13, 7.146651626044331e-8, 3.4050411379382695e-9, 4.903521477750417e-10
0.9528468251228333, 0.002813442377373576, 0.0014635848347097635, 0.00002336863508389797, 0.04179835319519043, 0.0010524833342060447, 0.000001947725650097709
0.9998817443847656, 0.0001150634852820076, 9.030795555808879e-10, 1.358511827337372e-13, 0.000002924383352365112, 1.7932941590026452e-11, 1.408877042807788e-10
0.9999876022338867, 0.000010319618013454601, 1.4563690342583868e-7, 2.3513057820223615e-11, 0.00000152171082845598, 1.835527424498551e-10, 1.3637029283586344e-8
0.9999856948852539, 0.000004074548996868543, 2.5917845647427384e-8, 3.575358412111207e-11, 0.000010323043170501478, 1.7129854479325246e-10, 3.317611962927458e-9
0.9999885559082031, 0.000007151736099331174, 3.4045818608774425e-8, 4.726096597407192e-11, 0.000003988352091255365, 1.2713672337127946e-9, 1.0641357306440113e-7
0.9999942779541016, 0.0000033066992273234064, 1.1729606086419153e-7, 1.52462504426909e-11, 0.0000023781979052728275, 2.888632444353334e-9, 4.122241392678916e-8
0.9999904632568359, 0.000009561525075696409, 1.4307975249039373e-8, 2.329794072507968e-13, 1.503016378023858e-8, 1.19017495858742e-9, 1.0258053961820224e-8
0.999995231628418, 0.0000015696226682848646, 9.461505214858335e-7, 3.2124979759684535e-11, 0.0000011436003433118458, 2.564981294028712e-8, 0.0000011615533139774925
0.9999732971191406, 0.000005458779014588799, 0.000011755639206967317, 2.4089472083765884e-10, 0.0000035083146485703764, 3.7749677517240343e-7, 0.00000571519740333315
0.9999651908874512, 0.0000012874545518570812, 0.00003090696191065945, 1.0061005500938691e-10, 6.837959176664299e-7, 5.341300379768654e-7, 0.0000016843166577018565
0.9999457001686096, 0.00000873892076924676, 0.00003606839163694531, 7.334930440805465e-10, 0.0000035715827380045084, 0.0000030134094686218305, 0.0000032133807508216705
0.9999866485595703, 0.000003656295575638069, 0.000007726087460468989, 1.300077823174206e-10, 4.078666790974239e-7, 5.519264618669695e-7, 8.913753504202759e-7
0.9999909400939941, 0.000002398494643784943, 0.0000034155414141423535, 5.4539688737476055e-11, 5.123997652844992e-7, 2.299799461980001e-7, 0.000002467743570377934
0.9999794960021973, 0.000011650628948700614, 0.0000031837546430324437, 2.0136435574524825e-10, 0.0000012638993212021887, 1.3452159919324913e-7, 0.00000439651012129616
0.9999384880065918, 0.00004886797250946984, 0.0000017794893665268319, 6.469044744328301e-10, 0.000007872804417274892, 1.6255460977276925e-8, 0.0000029044128950772574
0.9999942779541016, 4.5557703742815647e-7, 9.026174438986345e-7, 3.201440501587882e-11, 0.0000040988566070154775, 2.400036436256414e-8, 4.0202908735409437e-7
0.9999837875366211, 0.000011272354640823323, 0.0000011775830444094026, 1.0434021702199203e-10, 0.0000018610621737025212, 2.4922194086229865e-8, 0.0000020036900423292536
0.9999799728393555, 0.0000037980905744916527, 0.000004343410182627849, 6.876198915817255e-11, 0.000011797272236435674, 3.0871685208211375e-9, 1.1135211508417342e-7
0.9999990463256836, 5.647141847475723e-7, 3.088927940098074e-7, 1.0067753651154393e-13, 3.0211523949219554e-7, 1.0460940558232323e-8, 4.8707118338597866e-9
0.9999933838844299, 0.000002586393065939774, 6.259288056753576e-7, 4.602513509199824e-11, 0.0000032995721994666383, 6.537603347567256e-9, 1.9628532754722983e-7
0.9999833703041077, 0.0000012548750873975223, 0.0000012451544080249732, 4.0582762150798146e-10, 0.000013888498870073818, 2.641826313265483e-8, 3.9986687738746696e-7
0.9999914765357971, 0.0000069046741373313125, 6.628156370425131e-7, 6.001710847053365e-12, 8.775506898928143e-7, 9.037280257473412e-9, 1.1672198496626152e-7
0.9999942779541016, 0.000005079326911072712, 1.0144120210497931e-7, 1.1388346117372806e-14, 6.106358085844477e-8, 5.228368404885941e-9, 2.935703069528728e-11
0.981541097164154, 0.0000021507498786377255, 0.0000876154808793217, 1.902060731140409e-9, 0.0183685515075922, 4.182710995337402e-7, 2.118129849293382e-8
0.8139604330062866, 0.00028120947536081076, 0.0003021080046892166, 0.000016353375031030737, 0.1852673888206482, 0.000031447118090000004, 0.0001411425182595849
0.9320216178894043, 0.00002020366991928313, 0.0000051411448112048674, 1.804120870474435e-7, 0.06794343143701553, 0.000007962711606523953, 0.0000014662024341305369
0.9996810555458069, 0.0000017510616316940286, 1.4276476179020392e-7, 8.991850042328053e-10, 0.00031673620105721056, 1.1450754300312838e-7, 1.1093010954255078e-7
0.9999766945838928, 0.000001401975850967574, 1.0330511912570728e-7, 8.516756744292309e-11, 0.000021797404770040885, 2.52979468484682e-8, 6.917429828945387e-8
0.9999408721923828, 0.000007321481461985968, 8.210501505345746e-7, 5.736819352897271e-10, 0.000049791789933806285, 3.151687906211009e-7, 7.210437047433516e-7
0.9993503093719482, 0.00000195273037206789, 4.2126904986616864e-7, 6.17728490581726e-9, 0.0006420111749321222, 1.9582603982826186e-8, 0.0000054567153711104766
0.9999446868896484, 1.6594157159488532e-8, 7.174256211328611e-8, 1.0432600339171927e-9, 0.0000547326089872513, 5.622662229143316e-7, 6.849694500488113e-8
0.9976833462715149, 0.0000037926963614154374, 0.0014559789560735226, 2.711518121145673e-8, 0.000335436052409932, 0.000511898600962013, 0.00000943206759984605
0.9999980926513672, 9.002376089028985e-8, 3.614118782024889e-7, 1.7824591358028136e-13, 4.8242618788663094e-9, 0.0000010507761771805235, 4.539087115063012e-7
0.9897668957710266, 0.0000031988292903406546, 0.008193006739020348, 2.3053126074756847e-9, 0.000004098840236110846, 0.0020327488891780376, 1.458602412185428e-7
0.999585747718811, 0.0004054976743645966, 3.8476608210658014e-7, 3.6017839821766984e-9, 0.000008054934369283728, 8.706758869436726e-9, 3.4512873980929726e-7
0.9991325736045837, 0.0008648134535178542, 5.993653218183681e-8, 8.362218036073177e-12, 3.7084839732415276e-7, 1.5468775149685143e-9, 0.0000021153198304091347
0.9991964101791382, 0.0007890726556070149, 8.773592981015099e-7, 3.96999360469108e-12, 2.3896512857390917e-7, 7.601516749389248e-9, 0.000013346419109439012
0.9998083710670471, 0.00015619209443684667, 0.000002287279357915395, 1.7107357197509998e-10, 0.000003659893764051958, 1.1597442295396831e-7, 0.00002942293940577656
0.9997645020484924, 0.0002187358622904867, 0.0000014010364566274802, 9.841124443132898e-11, 0.00000180445942987717, 4.5030688511360495e-8, 0.00001386562053085072
0.9997153282165527, 0.00023553635401185602, 0.000003160458390993881, 6.455119216930427e-10, 0.000008657743819640018, 1.2372434810004052e-7, 0.00003710555756697431
0.998511552810669, 0.0014562667347490788, 0.0000038234070416365284, 3.347342125703534e-10, 0.000002909366685344139, 1.483234868260297e-8, 0.000025381108571309596
0.9998293519020081, 0.00010999748337781057, 0.000002367603883612901, 6.296446697362512e-10, 0.000044224867451703176, 2.598983428470092e-7, 0.000013653624591825064
0.9996057152748108, 0.00023593154037371278, 0.000013701652278541587, 2.1611166189927644e-9, 0.000012414493539836258, 0.0000021076375560369343, 0.00013000833860132843
0.9996638894081116, 0.0003262348473072052, 0.0000017897432371682953, 2.5067131703693235e-10, 0.000006041977030690759, 3.4129460146914425e-8, 0.000002072539700748166
0.9995728731155396, 0.00040861251181922853, 0.000014431286217586603, 4.0263025552489395e-11, 1.7590133438716293e-7, 3.848342799983584e-8, 0.000003866645784000866
0.9988791346549988, 0.0011138234985992312, 0.0000010110953780895215, 3.111319188398021e-11, 8.385530918531003e-7, 1.1870713301220803e-9, 0.000005663246156473178
0.999046802520752, 0.0009402037248946726, 0.000003103471726717544, 2.4441424578691695e-11, 3.080710087033367e-7, 1.6560580462510188e-8, 0.000009322832738689613
0.9656521081924438, 0.028076551854610443, 0.005386142525821924, 4.8751633840993236e-8, 0.00013040892372373492, 3.6239416090211307e-7, 0.0007547055720351636
0.995148777961731, 0.0008455379866063595, 0.0037968072574585676, 7.65387531131978e-10, 0.00000537403866474051, 0.00020358877372927964, 9.858507787896542e-9
0.9994475245475769, 0.000024651968487887643, 0.0005190428928472102, 4.9915353100837834e-11, 9.327419547844329e-7, 0.000008117624020087533, 7.76606867702867e-8
0.9989977478981018, 0.00017342946375720203, 0.000750312174204737, 2.214464861483023e-10, 0.00005597729250439443, 4.307806023007288e-8, 0.00002254229548270814
0.9997906684875488, 0.00019215450447518378, 0.000004037890448671533, 1.1614414291427622e-10, 0.000009755986866366584, 6.682347475361894e-8, 0.0000034157085337938042
0.9992817044258118, 0.000527597323525697, 0.00012526720820460469, 5.570219840933532e-10, 0.00001546585735923145, 6.322479748632759e-7, 0.00004954708492732607
0.9991315603256226, 0.0008535082451999187, 0.000005767701168224448, 2.3697901974095714e-10, 0.000006664930879196618, 4.871445824505827e-8, 0.0000026462864752829773
0.9996967911720276, 0.0002779288333840668, 0.00000756277268010308, 1.0816002954383563e-10, 0.000003936058874387527, 0.0000010412343272037106, 0.000012789330867235549
0.9992806911468506, 0.0007135547348298132, 0.000002889296411012765, 1.1131622013049736e-10, 0.0000017601670379008283, 4.136489906159113e-7, 7.040035825411906e-7
0.9962813854217529, 0.0036643233615905046, 0.00002108178159687668, 4.384686391745163e-9, 0.000031858260626904666, 1.3504512708095717e-7, 0.000001274290070796269
0.999165952205658, 0.000823166745249182, 0.0000047925013859639876, 8.205370272129642e-10, 0.000003265907025706838, 5.773209750259412e-7, 0.0000024305275019287365
0.9736875295639038, 0.0005944083095528185, 0.00695313885807991, 0.0000023557267923024483, 0.01758289709687233, 0.0000017578647657501278, 0.0011779549531638622
0.9972769021987915, 0.00044291801168583333, 0.002128695836290717, 1.1459327931007124e-9, 0.00008025107672438025, 0.0000027448556920717238, 0.00006847402983112261
0.9990049004554749, 0.0009885685285553336, 0.0000022677797915093834, 1.7855815784284523e-11, 0.000003969992121710675, 1.4126558256499777e-10, 3.9373131244246906e-7
0.8702222108840942, 0.00004143449041293934, 0.019747037440538406, 0.0001964993862202391, 0.10736064612865448, 0.0021254788152873516, 0.00030673653236590326
0.9992645382881165, 0.00010682091669877991, 0.00011415119661251083, 2.4230717432516258e-9, 0.0005137332482263446, 3.5161016853635374e-7, 4.3476160271893605e-7
0.9999980926513672, 8.047292112678406e-7, 1.0719823961835573e-7, 5.931983376727956e-11, 6.722115131196915e-7, 7.994600537131191e-8, 7.318530670374912e-9
0.9999947547912598, 0.00000417049704992678, 8.323830797962728e-7, 1.2051681874680753e-10, 9.242255316621595e-8, 1.2687008776879338e-8, 1.3643161267395953e-8
0.9999985694885254, 0.0000011968461421929533, 1.2120499093271064e-7, 4.2752116408660557e-13, 5.285839765889477e-9, 1.647266856252827e-8, 6.293974674775882e-9
0.9999856948852539, 0.0000034197028071503155, 4.352728808498796e-7, 2.3597512832651546e-10, 2.464366275489738e-7, 0.000010171783287660219, 1.085813892132137e-7
0.999995231628418, 0.0000037186025565461023, 1.4609220500005904e-7, 3.375307845721043e-13, 2.905346363490935e-8, 9.196510291076265e-7, 2.1480873968471315e-8
0.9999866485595703, 0.000013648571439262014, 1.6724099793918867e-7, 1.4397770085536332e-12, 3.579690499577737e-8, 4.249300999958905e-8, 1.7715624522907092e-8
0.9999990463256836, 4.2907026909233537e-7, 5.104706701786199e-7, 4.574947191915424e-13, 1.840508900841087e-8, 2.4357131422902967e-8, 3.840825257839242e-8
0.9999971389770508, 0.0000024170369670173386, 1.5079184834121406e-7, 5.333095618766104e-13, 5.71423086626055e-8, 6.615979430968366e-10, 3.2826164897414856e-8
1, 1.748674236523584e-7, 1.0119901361349548e-7, 3.1815130093143865e-14, 1.7839038690681264e-8, 2.5912192391785993e-9, 1.7677466157550725e-9
0.9999971389770508, 0.0000023935563149279915, 9.953035728926807e-9, 3.769762009064176e-13, 7.858766082335933e-8, 2.0065002992453174e-9, 3.0747207002690402e-9
0.9999847412109375, 0.00001465568675484974, 6.856172518610038e-8, 1.86319471136287e-12, 8.117656875583634e-7, 8.85187656507469e-9, 9.741397688500797e-10
0.999992847442627, 0.0000045410915845423006, 8.284143859782489e-7, 2.8831003556772927e-11, 0.0000017946526895684656, 1.1621771101033573e-8, 1.6729275387206144e-7
0.9999876022338867, 0.000011299660400254652, 2.1789411164263583e-7, 5.368324057855589e-13, 4.932369961352379e-7, 3.680394877747517e-9, 2.475593285922173e-9
0.9999980926513672, 6.370700589286571e-7, 9.042323085850512e-7, 1.5950461437763686e-11, 3.350706663240999e-7, 1.2122231218825164e-8, 6.748116021526585e-8
0.9999980926513672, 8.921310836740304e-7, 3.8924451928323833e-7, 2.356238251385867e-12, 4.493761309731781e-7, 1.9278074248063604e-8, 2.989754888105267e-9
0.9999990463256836, 1.822763664449667e-7, 3.9849318511642196e-8, 8.548976413932929e-13, 3.347461188241141e-7, 1.509139124777903e-8, 6.161387844372257e-9
0.9999971389770508, 0.0000016570653542657965, 1.8572548299289338e-7, 3.905121018221713e-12, 5.441809776129958e-7, 2.3670406079645545e-8, 1.1506906538727435e-8
0.9999871850013733, 0.00000140930706038489, 0.0000017129103753177333, 2.7731833496247305e-10, 0.00000914583961275639, 1.8171526505739166e-7, 4.453437156826112e-7
0.9999818801879883, 0.000008859087756718509, 0.0000018746167143035564, 1.3783960084445823e-10, 0.00000701562748872675, 5.2005649564534906e-8, 5.336888762030867e-7
0.999992847442627, 0.0000037425725167850032, 0.0000021083537831145804, 6.5694533146754e-11, 0.00000129840623230848, 1.2377785196804325e-7, 7.463515316885605e-8
0.9999938011169434, 0.0000023949871774675557, 0.0000017918242747327895, 4.192450206441656e-11, 0.00000150711116475577, 6.787484352344109e-8, 4.1694991637086787e-7
0.999995231628418, 0.0000015931132111290935, 0.0000011490151337056886, 3.318222085990641e-11, 0.0000013523308552976232, 4.19736863932485e-7, 1.1336231153791232e-7
0.9999313950538635, 0.000006896526883792831, 0.000032546031434321776, 7.86380738304615e-9, 0.000011300586265861057, 0.00000595476922171656, 0.000011853695468744263
0.9999799728393555, 0.000003678973826026777, 0.00001360513488180004, 8.701132869770589e-11, 0.000001219129217133741, 9.742723250383278e-7, 6.129125154075155e-7
0.9999914765357971, 0.00000783200539444806, 1.550355932522507e-7, 2.0690275881474207e-11, 4.375929734123929e-7, 2.1760680368743124e-8, 3.3032783619546535e-8
0.9999971389770508, 0.000001826285370043479, 3.2145283057616325e-7, 7.358105444388308e-12, 4.1851615151244914e-7, 5.9451101819263386e-9, 8.524427386191746e-9
0.9999985694885254, 6.938358296793012e-7, 3.193594011463574e-7, 2.043373933599546e-12, 4.008635983154818e-7, 1.3057862346954607e-8, 1.3718891977987369e-7
0.9999476075172424, 0.00005078393587609753, 5.073260354038212e-7, 2.9543336093479367e-12, 9.609009339328622e-7, 2.224770589975833e-8, 2.004543233624645e-7
0.9999985694885254, 0.0000010557906762187486, 3.464769520178379e-7, 8.031341433914485e-13, 2.722340752825403e-7, 1.3172213542134159e-8, 1.4567138606480512e-8
0.9999470710754395, 0.00004961659942637198, 6.135489343250811e-7, 1.2730459915399894e-11, 0.000002988422920680023, 5.304180561438443e-8, 5.0997627454307803e-8
0.9999732971191406, 0.000019718512703548186, 0.000003578525820557843, 6.660862833518522e-11, 0.0000030801966204307973, 5.5235499729633375e-8, 4.029357967283431e-7
0.999977171421051, 0.000016732956282794476, 0.000002173546363337664, 3.5569144851699264e-11, 0.000003774548531509936, 1.9396699357798752e-8, 1.403225837748323e-7
0.998511016368866, 0.00001060378872352885, 0.0013788084033876657, 3.464705500277887e-8, 0.000040308710595127195, 0.000033151693060062826, 0.000025985329557443038
0.9999418258666992, 0.00004618326420313679, 0.000007951792213134468, 3.329973241594786e-10, 0.0000025410706712136744, 0.000001173146642940992, 4.420727464093943e-7
0.9999871850013733, 3.81828542117546e-8, 0.000011075586371589452, 3.659381825338315e-11, 3.6393825553204806e-7, 6.392028240043146e-7, 7.349314614657487e-7
0.9998636245727539, 0.0000016439379351140815, 0.0000954271454247646, 9.10906072792983e-10, 0.00001721308581181802, 8.532567790098256e-7, 0.000021416104573290795
0.9996939897537231, 0.0000017422428300051251, 0.0002251030964544043, 1.8344187280305846e-9, 0.0000050472558541514445, 0.000013125223631504923, 0.00006117062730481848
0.9999380111694336, 0.00004054483724758029, 0.00001032924137689406, 5.453766882546063e-10, 0.000008298778084281366, 0.0000023016607428871794, 7.396355954369938e-7
0.999845027923584, 1.2896572343379376e-7, 0.00013691872300114483, 9.801495726158294e-11, 4.409741620747809e-7, 0.0000038781954572186805, 0.000013517784282157663
0.9988055229187012, 0.000010538842616369948, 0.0005634504486806691, 3.96165091842704e-8, 0.00011408548743929714, 0.0004990616580471396, 0.000007291661404451588
0.9999361038208008, 0.000001298270603911078, 0.000049265134293818846, 7.805564528062803e-10, 0.000003459889740042854, 0.0000025884080514515517, 0.000007463612746505532
0.999936580657959, 0.00005217850412009284, 0.0000070423252509499434, 1.508885794088144e-10, 0.0000011751957345040864, 6.176035327598584e-8, 0.0000029495247417798964
0.999517560005188, 0.00048094193334691226, 1.2909059421417624e-7, 1.2729753015583434e-11, 0.0000012206273822812364, 1.8021518721766938e-9, 5.931002533543506e-8
0.9987281560897827, 0.0011820767540484667, 5.941220138083736e-7, 1.7300824106669666e-9, 0.0000887737114680931, 2.9005375878909945e-8, 3.609124235026684e-7
0.99979168176651, 0.0001663737348280847, 0.0000011884420700880582, 1.1343803674179753e-9, 0.00003931229730369523, 5.3317268822183905e-8, 0.0000016537430838070577
0.9999885559082031, 0.000010438433491799515, 2.746801612829586e-7, 7.402892535091077e-12, 5.338525852494058e-7, 7.291913295404129e-9, 1.6163674843028275e-7
0.9999675750732422, 0.00002946130007330794, 5.493712365023384e-7, 1.0753225566928482e-11, 0.000002003290092034149, 1.8377200206032285e-8, 2.8660437578764686e-7
0.9999651908874512, 0.000026225141482427716, 0.0000022970189093030058, 5.4285749506721714e-11, 0.0000042994188333977945, 5.2742585410214815e-8, 0.0000022545098090631654
0.9999780654907227, 0.000016834639609442092, 0.0000035402822504693177, 4.460962849117678e-11, 8.94875142876117e-7, 9.010651780272383e-9, 6.903168241478852e-7
0.9999961853027344, 0.000004019349944428541, 3.752700195036596e-8, 5.2296621894099e-13, 1.1166627444936239e-7, 2.7356070742001748e-9, 2.2783130049219835e-8
0.9999818801879883, 0.000017868942450149916, 4.413906395939193e-8, 1.9479606729738697e-12, 4.267017175152432e-7, 4.405174003352386e-9, 3.9347167302139496e-8
0.9999961853027344, 0.0000032654795631970046, 7.913597244169068e-8, 2.2653981555237346e-12, 1.133540692421775e-7, 5.628955079828302e-9, 4.831601785326711e-8
0.999995768070221, 0.0000029727984838245902, 2.9851653948753665e-7, 2.5124596847447833e-11, 6.825377454333648e-7, 1.771459423594024e-8, 3.136619568522292e-7
1, 5.993819485183849e-8, 2.4464601011686682e-8, 2.1769752596060383e-15, 1.3543635657420339e-10, 5.695044436038188e-9, 1.3032477657812236e-12
0.9998770356178284, 0.00012251072621438652, 1.876498885167166e-7, 1.3703704241242037e-13, 9.961868663310725e-9, 2.2062300597536222e-10, 1.2534575599687514e-9
0.7531052827835083, 0.24689440429210663, 9.748471363479894e-9, 1.2695316803021384e-12, 2.0030253011782406e-8, 6.1055587252667465e-9, 1.1967418345193437e-7
0.0075198025442659855, 0.9924800992012024, 1.194977450325041e-9, 3.0517628354931325e-12, 4.625589911100292e-10, 3.5924482943983094e-8, 7.57847757881791e-8
1.5067587177952646e-9, 1, 3.021888295151598e-11, 5.4362251623469855e-16, 4.9665417720286265e-14, 1.5100592998251727e-9, 1.6078146813924832e-8
5.826910065565016e-10, 1, 4.044800180013318e-14, 7.864849807766438e-18, 5.530683671998472e-14, 1.1107381561823587e-13, 6.972992062231897e-14
0.0000539756438229233, 0.9999457001686096, 1.9838053422205348e-10, 5.433228194608175e-13, 2.864226078536092e-10, 4.1962042174326086e-10, 6.580962441660176e-9
0.009611313231289387, 0.990379273891449, 1.589646081434637e-9, 2.5073627202276683e-11, 6.984402745047191e-8, 2.660909048657345e-9, 0.000009327245606982615
0.9993040561676025, 0.0006950650713406503, 5.359862029763462e-7, 3.805963356973141e-12, 1.975129748643667e-7, 1.389667492190938e-9, 1.3930629449987464e-7
0.9732900857925415, 0.0265722144395113, 0.00005182094901101664, 3.299921758070923e-8, 0.000004480644292925717, 0.0000800764755695127, 0.0000012383103467072942
0.9999904632568359, 0.000009791468983166851, 5.750274909011033e-11, 2.7674448917523265e-15, 1.410317462813282e-8, 1.3806084747658431e-11, 8.071716038615673e-12
0.9999837875366211, 0.000015716503185103647, 1.6472322117433436e-10, 1.4280671914099208e-13, 4.237480197843979e-7, 1.897898678493437e-11, 7.229500331717986e-10
0.999995768070221, 0.0000032923258004302625, 3.4394312398156046e-10, 1.4361781729144152e-11, 9.669145129009848e-7, 2.1413899986555407e-8, 5.871033104121182e-10
0.9999837875366211, 9.86127133728587e-7, 7.965049775293664e-8, 9.588401184146278e-10, 0.000015069776054588147, 4.716701340612417e-8, 5.254569557244793e-10
1, 2.1244649417440087e-7, 2.220527650642623e-10, 1.7311697492466017e-15, 4.6524220032040375e-9, 6.079180214779711e-11, 2.100783522834826e-12
0.9999980926513672, 0.000002315915480721742, 2.7049087969466257e-10, 7.364782747413048e-14, 1.6050091034003344e-8, 9.499497716225491e-11, 2.3301354179494638e-9
0.9999980926513672, 0.0000018124019334209152, 7.96088102106296e-8, 1.5730196659125006e-11, 5.147130011096124e-8, 2.1945236738929452e-8, 2.9529894618463004e-7
1, 1.224621684059457e-7, 2.457442915826391e-9, 8.342739205632194e-14, 1.3960868905371626e-8, 3.1130840127957526e-9, 1.0009117090703512e-8
0.9999923706054688, 0.0000072153857217927, 2.0175126014265743e-9, 1.7706262888175783e-13, 2.4248372199053847e-8, 4.683129994909052e-10, 2.999863413233328e-10
0.9999971389770508, 0.00000253129337579594, 3.516576141393557e-9, 7.44283446181028e-14, 1.5096818017923397e-8, 6.662835561055402e-11, 7.156854553436176e-10
0.9999980926513672, 0.0000016465351109218318, 1.7251647221883104e-8, 7.514506595099335e-13, 3.239220802697673e-8, 1.534482985121599e-9, 1.716565023457406e-8
0.9999756813049316, 0.000009645576028560754, 0.000009244588000001386, 1.955898550759505e-12, 0.000005212789801589679, 1.3825955491597597e-8, 1.1612264483318313e-9
0.9999942779541016, 0.0000054073498176876456, 1.9122015260109038e-7, 1.7451618492328458e-12, 3.268931081379378e-8, 1.7345390901368773e-8, 2.2140931449365908e-11
0.9999990463256836, 6.531589633596013e-7, 1.8210490060344142e-10, 7.99874726729096e-15, 2.4947345522718933e-8, 3.4606088827882076e-11, 4.896900662743064e-10
1, 2.1253161719414493e-7, 7.920673561478964e-10, 1.6165048874735373e-15, 1.1682450562489066e-8, 4.6312134682757744e-11, 2.2341377636792004e-9
0.9999961853027344, 0.0000036294024994276697, 7.676168252146454e-7, 1.0539500045272931e-12, 4.5660637937317006e-8, 3.568019835142877e-8, 5.054448526387034e-10
0.9999933838844299, 0.000006229081463970942, 4.8381025408161804e-8, 3.382683673100462e-14, 6.515772810189446e-8, 3.931436065585103e-9, 1.5862094970842122e-9
0.9999990463256836, 2.008548847243219e-7, 5.267178266876726e-7, 8.885881939112161e-13, 2.832555701104411e-8, 4.0253755884123166e-8, 1.0927364257895533e-7
0.9999990463256836, 8.101424668893742e-7, 1.5372750183928474e-8, 1.1666417886000563e-13, 3.2757102985669917e-7, 2.0220816132621167e-9, 2.205506666186352e-9
1, 9.901481945462365e-8, 8.40149994019157e-8, 9.838524309482843e-13, 9.227908748243863e-8, 8.988628508177499e-9, 2.3207093136079493e-8
0.999964714050293, 0.00003359830952831544, 2.866646013899299e-7, 1.5611770556867022e-11, 0.0000010549465514486656, 6.172623301381464e-8, 2.781661692097259e-7
0.9999990463256836, 1.891685741384208e-7, 1.9408061291414924e-7, 6.862631123094598e-13, 4.271894127327869e-8, 4.668960329468064e-9, 2.744133986709585e-8
1, 2.810090116156516e-8, 2.0858497151721167e-8, 3.5104451897444156e-12, 2.445625746361202e-8, 3.645199697643875e-8, 2.3123453374296332e-8
0.9999704957008362, 0.000029792783607263118, 8.128010764441029e-11, 1.697268864895348e-14, 9.254176092099442e-8, 1.5086663862629024e-10, 2.3533083814974987e-10
0.9999980926513672, 0.000001838431785472494, 3.554502692182382e-9, 7.30113669175636e-13, 2.0887885199272205e-8, 9.576378579012612e-10, 7.438484495025932e-9
0.9999971389770508, 0.0000026473433081264375, 4.404713926930981e-9, 6.66636952345763e-14, 1.894198362606403e-7, 3.231188649976957e-10, 3.0468565170860273e-11
0.9669029116630554, 0.028974570333957672, 0.004023423418402672, 6.488539128213233e-8, 0.00008834104664856568, 0.0000031125607620197115, 0.000007666046258236747
0.9988805651664734, 0.000021018830011598766, 0.00003383574585313909, 5.773721944990484e-9, 0.0010606907308101654, 0.000003893113898811862, 2.0718411519737856e-7
0.99798983335495, 0.000007016898052825127, 0.0000022626406916970154, 9.078679141794055e-9, 0.0019641404505819082, 0.000036578836443368345, 1.731546745986634e-7
0.9976776838302612, 0.00002017856422753539, 0.00004259694833308458, 2.0135342282401325e-9, 0.0022576474584639072, 0.000001641985249989375, 2.7855330131387745e-7
0.9986928701400757, 0.000018212651411886327, 0.000015795701983734034, 5.422900350993132e-9, 0.0012654407182708383, 0.000007675325832678936, 8.400255779861254e-8
0.9979322552680969, 0.000013035816664341837, 0.00011963903671130538, 4.01964816987288e-9, 0.0019239331595599651, 0.000008751905625103973, 0.000002142380708392011
0.9993331432342529, 0.00001648558463784866, 0.000002868632691388484, 4.250773066871716e-9, 0.0006447381456382573, 0.000002880741249100538, 9.375501264230479e-8
0.9985427260398865, 0.00001691260695224628, 0.00005248413435765542, 4.4266928966862906e-7, 0.0013684217119589448, 8.195686973522243e-7, 0.000018081991584040225
0.999205470085144, 0.000038130005123093724, 6.848987936791673e-7, 1.1266739541326842e-8, 0.0007476999307982624, 0.000004451494078239193, 0.000003640455588538316
0.9999427795410156, 0.000010586321877781302, 1.2149425288043858e-7, 6.351720538422256e-11, 0.00004581551911542192, 7.840511671020067e-7, 6.30804422030451e-8
0.9991773366928101, 0.000017323685824521817, 5.8371097111376e-7, 3.884333688031205e-10, 0.0008037280640564859, 6.840843411737296e-7, 1.4053942720693158e-7
0.999756395816803, 0.00022268551401793957, 9.515773626844748e-7, 1.7770446225640057e-10, 0.000019601795429480262, 1.7031709376169601e-7, 4.53653143495103e-7
0.999946117401123, 0.00003589200787246227, 3.752575992166385e-7, 5.769586544634997e-11, 0.000017490150639787316, 7.110217126182761e-8, 1.7917271577516658e-7
0.9999580979347229, 0.0000026770023850986036, 4.976096192876867e-7, 1.200054916550286e-10, 0.000037173489545239136, 0.0000016733100665078382, 1.6637564215216116e-7
0.9998092651367188, 0.000001872748953246628, 0.000002905811015807558, 3.721844499260385e-10, 0.00018488429486751556, 8.35583875868906e-7, 3.002791402195726e-7
0.9993879795074463, 0.00017584236047696322, 0.000016476378732477315, 2.7404469804537257e-9, 0.0004136308853048831, 5.081046765553765e-7, 0.000005523389063455397
0.9994029998779297, 0.000004697937583841849, 0.00018674368038773537, 9.323586347420587e-9, 0.000337700272211805, 0.00006012748053763062, 0.00000782367442297982
0.999261736869812, 0.00002556556137278676, 0.00010916706378338858, 1.7388167572462976e-9, 0.0005793402087874711, 0.00001654817970120348, 0.000007880583325459156
0.9999699592590332, 0.000001167977757177141, 0.000010293591913068667, 5.544028777726417e-13, 0.000018643546354724094, 1.5164530964284495e-7, 3.332042974868443e-10
0.9996762871742249, 9.881656524157734e-7, 0.00008881556277628988, 1.3954669364490968e-10, 0.00023337019956670702, 5.522293804460787e-7, 8.304430565431176e-8
0.9996810555458069, 8.772178148319654e-7, 0.0000016012405694709742, 4.4524665204770386e-11, 0.0003167778777424246, 3.637121892552386e-8, 1.0497307467716155e-9
0.9999809861183167, 3.177745497850992e-7, 0.000004731527951662429, 8.056822353372239e-13, 0.000013880789083486889, 1.1533086308190832e-7, 1.3290745171090634e-9
0.9995690584182739, 0.000002793122121147462, 0.00018471509974915534, 2.3072121990708183e-9, 0.00024041916185524315, 3.194523117144854e-7, 0.0000026478403469809564
0.9999780654907227, 0.000011403240932850167, 5.422469939730945e-8, 9.25880357625919e-13, 0.000010207699233433232, 6.171619659767202e-9, 1.4166693373951489e-9
0.9999513626098633, 0.00002555145329097286, 0.0000010883288723562146, 3.167113793445253e-11, 0.000021950369045953266, 1.4505026513234043e-8, 2.668105913983254e-8
0.9999237060546875, 0.00002855721686501056, 0.00001700519169389736, 3.083750615973102e-11, 0.000030236995371524245, 2.807549890349037e-7, 2.664968121735001e-7
0.9999799728393555, 0.000013183465853217058, 0.000001868492745416006, 1.437439490353798e-11, 0.000004758993782161269, 5.464563557211477e-8, 7.812719360345e-8
0.999875545501709, 0.0000033677558803901775, 0.00011111261846963316, 1.042527938976967e-10, 0.000009336387847724836, 7.645115829291171e-7, 1.346676867797214e-7
0.9999890923500061, 5.150138235876511e-7, 1.6875620190148766e-7, 2.078071438885165e-12, 0.00001062781666405499, 1.0945018225072545e-8, 9.919315369089077e-10
0.9999818801879883, 0.0000034945337574754376, 6.600829038916345e-8, 3.973065095235623e-13, 0.000014434759577852674, 1.1777980368776753e-8, 5.709617223459418e-10
0.9999189376831055, 0.000007275465122802416, 0.000006713898983434774, 1.2718666397848466e-10, 0.00006605620728805661, 7.841994147383957e-7, 1.5834268651815364e-7
0.9999723434448242, 0.000010384984307165723, 0.000003595641146603157, 3.879170942799881e-11, 0.00001331476687482791, 2.5233677547475963e-7, 2.4466962145197613e-7
0.9998345375061035, 0.000013064646736893337, 0.000007019830263743643, 2.0817780832516064e-10, 0.00014482384722214192, 3.971635749167035e-7, 9.764335828776893e-8
0.9997506141662598, 0.00001787344262993429, 0.00002381904596404638, 2.771655127631334e-10, 0.00020598957780748606, 7.394938279503549e-7, 7.358249831668218e-7
0.9992530941963196, 0.000003859720436594216, 0.00005707672971766442, 2.21149520918118e-9, 0.0006831280770711601, 0.000002761143150564749, 2.1818814843754808e-7
0.9978803992271423, 0.000021527581338887103, 0.0020106129813939333, 5.375012790409528e-8, 0.00003530336107360199, 0.00004751640881295316, 0.000004597865881805774
0.9997435212135315, 0.000005349830189516069, 0.00001613946915313136, 2.3955479266923874e-10, 0.00023323940695263445, 0.0000016251376564468956, 1.7330651758129534e-7
0.9999856948852539, 0.000003868803560180822, 0.000005270166639093077, 1.2758564170434195e-11, 0.0000024125067739078077, 0.0000029923328384029446, 1.8861992856500365e-8
0.9999232292175293, 0.0000017403712035957142, 0.0000700359814800322, 8.565765826674954e-13, 0.000004629039267456392, 2.017885805116748e-7, 1.6512157197112742e-9
0.9999523162841797, 3.2352576795346977e-7, 6.843412165835616e-7, 5.480264137457114e-13, 0.00004669638292398304, 6.88757069156054e-8, 1.4931572644982793e-10
0.9985828995704651, 0.0000042185197344224434, 0.000001938895366038196, 8.737466999919619e-11, 0.0014107226161286235, 6.42604049971851e-8, 4.876175463408572e-9
0.9997645020484924, 0.0000028266672416066285, 0.00013976312766317278, 4.936826294987817e-11, 0.00009169938857667148, 0.0000010751019772214931, 7.599165030569566e-8
0.9999499917030334, 0.0000013623800896311877, 0.000003019650876012747, 4.490068473278486e-12, 0.000045665819925488904, 9.743303763798394e-8, 3.588133956622386e-10
0.9999766945838928, 9.692323601484532e-7, 8.221059033530764e-7, 3.24291938788579e-12, 0.00002158465031243395, 2.391718396665965e-7, 1.4691521332821367e-9
0.9951798915863037, 0.00000888249633135274, 0.00470387190580368, 5.2932172422970325e-8, 0.00007036676106508821, 0.000030834726203465834, 0.0000060067736740165856
0.9998993873596191, 6.250547244235349e-7, 0.000001602606630513037, 3.9998013581787895e-12, 0.00009856733959168196, 5.3622724038859815e-8, 2.872861393221626e-10
0.9981478452682495, 0.000004380363407108234, 0.0016445225337520242, 3.115430691202903e-10, 0.00018915229884441942, 0.000013816342288919259, 1.4497223332909925e-7
0.9984244108200073, 0.0000025401100174349267, 0.0014786813408136368, 2.0313069282185126e-10, 0.00009371403575642034, 5.858424856342026e-7, 2.2246911157708382e-7
0.9999322891235352, 0.00006431453221011907, 7.170899039010692e-7, 3.3595966720395554e-12, 0.0000024874329938029405, 1.0997903920895169e-8, 1.0237514835864658e-8
0.999910831451416, 0.0000786300006438978, 0.000002347549980186159, 1.199477461799603e-10, 0.0000072541620284027886, 9.190008398718419e-8, 7.16860483862547e-7
1, 1.3466129544781325e-8, 2.066544908529977e-7, 4.3190012113600296e-13, 1.1024427237771306e-7, 2.7807278257796497e-8, 4.82994799710923e-9
0.9999166131019592, 0.000007200253094197251, 0.00003969113095081411, 4.4372755469979097e-10, 0.000035249704524176195, 9.579150628269417e-7, 5.845349733135663e-7
0.999977171421051, 0.00001893816443043761, 2.494935529284703e-7, 3.339916017364164e-12, 0.000003828632088698214, 3.109776602894243e-10, 2.1052066756510612e-8
0.9999527931213379, 0.000005151860932528507, 0.000018827111489372328, 5.635970024009396e-10, 0.000020090108591830358, 3.085727939833305e-7, 0.0000026211710064671934
0.9999085068702698, 0.000007605265182064613, 0.000009714260158943944, 1.657194825810393e-9, 0.00005844329280080274, 0.000014847395505057648, 7.698842523495841e-7
0.9997678399085999, 0.000003474108325463021, 0.00021762533287983388, 1.1605081340348988e-9, 0.000008103331310849171, 3.4369080026408483e-7, 0.000002468278808009927
0.9999608993530273, 0.000001279883690585848, 0.000003167594513797667, 1.794230736207325e-10, 0.00003436205588513985, 3.1701839020570333e-7, 3.986022534263611e-8
0.9999080300331116, 0.000006883227797516156, 0.00006949566159164533, 5.50388312703376e-9, 0.000014468405424850062, 0.0000012320982705205097, 1.4183521557242784e-7
0.9979874491691589, 0.000004267321401130175, 0.0019814795814454556, 2.214851058113254e-8, 0.00001750397314026486, 0.0000040411482586932834, 0.00000527036854691687
0.9999866485595703, 9.669771543485695e-7, 0.0000023004531612969004, 7.101781662743889e-11, 0.000009839625818131026, 3.1720958304504165e-7, 2.126465687979362e-7
0.9999222755432129, 0.000002970193918372388, 0.00002898373168136459, 1.17906784335986e-9, 0.00004315446494729258, 9.020675406645751e-7, 0.0000017500479998489027
0.9999127388000488, 0.00002182889511459507, 0.00004931237708660774, 6.931656915121209e-10, 0.000013519267668016255, 1.1767069452162104e-7, 0.000002614349568830221
0.9998950958251953, 0.000015142652046051808, 0.00007577840005978942, 1.0162659602741542e-9, 0.000010478462172613945, 4.147814820498752e-7, 0.000002937026010840782
0.9999618530273438, 0.0000022282083591562696, 0.000008303803952003364, 1.2168717145044639e-9, 0.000027304811737849377, 1.1208678074581258e-7, 1.0168719200009946e-7
0.6401612162590027, 0.22588858008384705, 0.01019811350852251, 0.004984966479241848, 0.009044048376381397, 0.10941869765520096, 0.0003043457691092044
0.999842643737793, 2.592428813841252e-7, 7.637499521706559e-8, 6.549984513104512e-12, 4.727007762994617e-7, 0.00015672025620006025, 6.924072981639995e-10
1, 1.713019237570279e-8, 2.946352495314386e-9, 4.946097446000518e-14, 4.264902653261515e-9, 1.0777448267162981e-8, 2.081431277334289e-10
0.19367103278636932, 0.009469741024076939, 0.0829462856054306, 0.02357550337910652, 0.6883289813995361, 0.00024813628988340497, 0.0017603227170184255
0.9999909400939941, 3.4641698221093975e-7, 7.950468017270396e-8, 3.9969783038884543e-10, 0.0000056633139138284605, 0.0000029347629606490955, 2.463109050054868e-9
0.9016574025154114, 0.0003377746033947915, 0.003558702999725938, 0.0019798169378191233, 0.0923326164484024, 0.00011802286462625489, 0.000015757083019707352
0.9999947547912598, 0.000003562740175766521, 1.9481558410916477e-7, 6.156120613276528e-10, 0.0000012564604503495502, 1.7197767476773151e-7, 6.424528464776813e-8
0.9999990463256836, 7.307102691811451e-7, 1.348000466805388e-7, 3.334660603204753e-10, 3.623194118063111e-7, 1.82860482311753e-8, 4.6973918088610844e-9
1, 2.8374245175655233e-7, 4.491516492066694e-9, 1.7826828338160516e-12, 3.391392056073528e-8, 1.1716092540581258e-9, 1.2883435984711866e-10
0.9999990463256836, 6.225220658961916e-7, 8.019573338735597e-10, 1.7828266803392862e-13, 6.90619028631545e-9, 1.6616198417196415e-9, 1.8397741663456202e-10
0.9999990463256836, 7.419665166708e-7, 5.092634758341319e-9, 1.0460237277049034e-12, 1.7411076669304748e-7, 7.670649893043446e-8, 3.873912390872647e-8
1, 3.257623504282492e-8, 2.546232735767262e-7, 1.7003142871539062e-14, 8.246107796594515e-9, 3.798557912659817e-8, 6.35716332908487e-8
1, 8.787047534042358e-8, 7.458682976801967e-11, 3.082968476252816e-15, 2.1260357918606587e-9, 1.529820159440476e-10, 4.252831073414676e-11
0.9997959733009338, 0.00011251762771280482, 0.000014193536117090844, 3.273658455427153e-9, 3.646424033831863e-7, 0.00007693922816542909, 7.278881497541079e-9
1, 3.403186497052957e-7, 4.65445859632041e-9, 3.114480431231281e-15, 1.228992796420414e-9, 6.720312084596003e-10, 1.9002559525915785e-9
0.9999942779541016, 0.000005733420948672574, 1.23545689234561e-7, 1.000806086766913e-13, 5.882780484967043e-9, 1.34609504098826e-10, 6.192747648015029e-9
1, 9.965108915821475e-8, 2.28355712117434e-9, 3.354040830472584e-16, 4.061459502047171e-11, 2.9072910745497893e-11, 6.410733055517426e-10
0.999995231628418, 0.000004703704689745791, 1.8792920553067916e-9, 5.589630558270383e-15, 9.263198208486756e-9, 9.15673179641141e-12, 3.5194180902919925e-10
0.9999971389770508, 0.0000022379806523531443, 2.115692065984831e-9, 1.008451202860923e-13, 3.1606174388798536e-7, 3.033568535260045e-11, 3.9862075446039924e-11
1, 1.8783802602229116e-7, 4.817989562866387e-8, 6.332495563077939e-14, 1.5954551013663831e-9, 8.104576038059363e-11, 1.5141173870247826e-9
0.9945162534713745, 0.0014072653139010072, 0.00037922098999843, 6.608932494600595e-7, 0.0009004933526739478, 0.002795754000544548, 3.91658801390804e-7
0.998341977596283, 0.0015633100410923362, 0.000021235984604572877, 9.097782793787701e-8, 0.00002512068567739334, 0.00004797544170287438, 5.264317337605462e-7
0.9954850673675537, 0.0042373184114694595, 0.000024294158720294945, 1.8498983678227887e-8, 0.00002049602881015744, 0.00023085754946805537, 0.0000020128047708567465
0.9991344809532166, 0.0007872007554396987, 9.314246085523337e-7, 1.524038562017438e-9, 0.00007641922275070101, 9.738408834891743e-7, 1.6241283162798936e-7
0.9778039455413818, 0.022195501253008842, 1.761543089173756e-8, 2.1248530712725255e-11, 6.730447239533532e-7, 1.6377900635689002e-7, 2.2981309300007524e-8
0.9541616439819336, 0.04582388699054718, 1.3512622132338947e-8, 2.963667722691299e-12, 0.000014449060472543351, 7.770084575753344e-10, 1.0593925026114448e-7
0.954888105392456, 0.045109014958143234, 3.6273883896598136e-9, 8.987798569629057e-13, 0.0000030860867354931543, 8.158272946090506e-10, 2.340116367349765e-8
0.9950593113899231, 0.004938090685755014, 4.2853800508169115e-9, 7.640854095269933e-13, 0.0000024744867914705537, 1.0427153585013116e-9, 8.562967224179374e-9
0.9992026090621948, 0.0007808710797689855, 1.691338979981083e-7, 4.779025786216806e-11, 0.000016118794519570656, 2.74485962847848e-8, 4.132729358730103e-8
0.9989333748817444, 0.0008908062009140849, 2.2986230874266766e-7, 2.8396238138661545e-10, 0.00017348771507386118, 1.8400442058918998e-8, 0.000001923263198477798
0.9987238645553589, 0.0005036979564465582, 0.000003224863348805229, 2.373022445212314e-9, 0.0007618704694323242, 0.0000014660008673672564, 0.000005854111805092543
0.9846869111061096, 0.0002741409989539534, 0.0002818858192767948, 8.450581390206935e-7, 0.014753040857613087, 0.0000011440963589848252, 0.000002266317096655257
0.9997153282165527, 0.00012283824617043138, 0.000005732519184675766, 1.5610097936491485e-10, 0.0001560832024551928, 1.0329350885740496e-7, 9.073723106212128e-9
0.999061107635498, 0.00010026452218880877, 0.00006073952681617811, 2.4099664486243455e-9, 0.0007774737314321101, 3.1939148925630434e-7, 1.947774705968186e-7
0.9985536336898804, 0.00018237480253446847, 0.0001385290379403159, 8.235713444548765e-9, 0.0011169733479619026, 0.0000037486781820916804, 0.000004669188001571456
0.9991444945335388, 0.0001328829093836248, 0.0003481791354715824, 3.551228644482762e-8, 0.00036493243533186615, 0.000008086004527285695, 0.0000013417807167570572
0.9989176988601685, 0.00037382773007266223, 0.00031464872881770134, 1.5335034575514328e-8, 0.00029379752231761813, 0.0000010896692401729524, 0.00009876013064058498
0.9996377229690552, 0.0003225332184229046, 0.00003165723319398239, 1.695958512515361e-10, 0.000005983573828416411, 8.109311693260679e-7, 0.000001365974526379432
0.7131181955337524, 0.0004553761682473123, 0.2860555648803711, 2.928720732597867e-8, 0.000004082702162122587, 0.0003654108732007444, 0.0000014319006140794954
0.9983120560646057, 0.00012006940232822672, 0.001554320566356182, 2.362298412439401e-10, 0.0000029462821657944005, 0.000010297607332176995, 4.45747225796822e-8
0.9917962551116943, 0.0032981608528643847, 0.004814029671251774, 8.778629490002743e-10, 0.000020473740732995793, 0.00007110963633749634, 1.2486790268440018e-8
0.947012186050415, 0.013231534510850906, 0.03955135494470596, 6.1132973683264424e-12, 0.00003088884841417894, 0.00016753430827520788, 0.000006428036158467876
0.8054853677749634, 0.000263169378740713, 0.00004033019285998307, 0.000047095785703277215, 0.19415979087352753, 0.0000038892503653187305, 2.6282327780791093e-7
0.9927492141723633, 0.0000705019265296869, 0.00007708940393058583, 7.405161568385665e-7, 0.007068713195621967, 0.000033814860216807574, 1.0283051743442684e-8
0.9889369606971741, 0.0013225475559011102, 0.00881119817495346, 2.2497282259337226e-7, 0.0007363741751760244, 0.0001922539813676849, 4.0033660297922324e-7
0.3752053380012512, 0.5697920322418213, 0.04953402280807495, 0.0000018766451148621854, 0.0009456245461478829, 0.004363820888102055, 0.00015729836013633758
0.9998264908790588, 0.000010681117601052392, 0.000009903025784296915, 1.2873235810673123e-8, 0.0001400292821926996, 0.000008368784619960934, 0.00000473928503197385
0.9997454285621643, 0.0002400470693828538, 0.000006661116458417382, 3.3633826279633183e-10, 0.0000027928451800107723, 0.0000031860747640166664, 0.0000018432091337672318
0.9999775886535645, 0.000009686661542218644, 0.0000118631023724447, 1.4913659196480467e-10, 7.498051246557225e-8, 7.648138762306189e-7, 1.7190470202876895e-7
0.9999656677246094, 0.00003106161966570653, 4.810281666323135e-7, 3.068078083257042e-11, 0.000001481136109759973, 4.522416929830797e-7, 8.00724023974908e-7
0.9999790787696838, 0.000020021607269882225, 9.988190896592641e-8, 2.0028642373076666e-12, 1.6005083125492092e-7, 2.722956438105939e-8, 5.006814944863436e-7
0.9999961853027344, 0.0000034925105865113437, 1.6251377132903144e-7, 1.0790837624494176e-12, 1.0051790155785056e-7, 1.286908286601829e-7, 3.088797200234694e-7
0.9999961853027344, 6.507989382953383e-7, 0.0000023729216991341673, 2.769142554148729e-11, 6.007893489368143e-7, 3.616671051531739e-7, 1.5597306912695785e-7
0.9999990463256836, 1.8058986483993067e-7, 3.222634461508278e-7, 1.3962254095944981e-11, 2.308084532387511e-7, 9.656996979856558e-9, 3.3144772260129685e-8
0.9859955906867981, 0.0010183172998949885, 0.0009111696272157133, 6.320750003396824e-7, 0.00000539780012331903, 0.012059582397341728, 0.00000927158907870762
0.8826314806938171, 0.07171092182397842, 0.028245411813259125, 0.00018612870189826936, 0.009004341438412666, 0.004112189169973135, 0.004109494853764772
0.9903112649917603, 0.009328293614089489, 0.00033957994310185313, 7.258826179024069e-11, 1.6822248483094882e-7, 0.000018602908312459476, 0.0000020234851945133414
0.9856792092323303, 0.014309030957520008, 0.0000102797066574567, 4.0629422027281537e-13, 7.414242730874321e-8, 1.4738054332497086e-8, 0.0000014211300367605872
1.3476672222623165e-7, 1, 4.534871610173408e-12, 1.5690777458989806e-17, 8.750334847982752e-14, 7.333098971801233e-13, 6.509625477546521e-11
0.12101738154888153, 0.8783001899719238, 3.4855824537771696e-7, 8.375018040185367e-11, 0.0000010120302249561064, 8.547290519800299e-8, 0.0006811638595536351
3.021096617317198e-8, 1, 1.0707065659434911e-13, 2.382362485167281e-16, 7.511755106826001e-12, 1.2022225933955993e-13, 1.0428891084046654e-10
3.622174205020201e-8, 1, 6.954873011050591e-14, 4.1885011618116703e-16, 5.520003291265008e-12, 3.6952564489226014e-14, 1.5509586948070364e-9
2.975130186655406e-8, 1, 1.5199239165441386e-13, 3.747867105232576e-15, 1.4699158773848198e-12, 1.82077942133263e-12, 4.663186281561593e-9
0.003403024049475789, 0.9965963959693909, 1.8479454078068613e-10, 3.830177548822672e-13, 1.9961783337407724e-8, 3.4745178956185896e-10, 6.557044116561883e-7
0.0013740070862695575, 0.9986258149147034, 2.2201107618968763e-10, 1.6747958949585653e-14, 1.4758020583371945e-8, 6.37513331014361e-9, 3.699527795220092e-8
0.9870305061340332, 0.0129688810557127, 2.5297010708413836e-8, 3.069473494821118e-11, 1.3781662744349887e-7, 1.1112299347360022e-7, 3.527732985730836e-7