0.9103819131851196, 0.0005393081228248775, 0.027464043349027634, 0.000007828723937564064, 0.0012774044880643487, 0.059995003044605255, 0.0003346778976265341
0.7560313940048218, 0.23682352900505066, 0.00008441217505605891, 0.000004184264980722219, 0.000019191636965842918, 0.006916616577655077, 0.0001206140877911821
0.9997554421424866, 0.00019576710474211723, 6.88381987856701e-7, 5.688618673338475e-11, 6.801290624025569e-7, 0.0000475131455459632, 3.958410133009238e-8
0.9004729986190796, 0.09524901211261749, 0.0003117972519248724, 5.763044441664533e-7, 0.0023486593272536993, 0.0010677325772121549, 0.0005491960910148919
0.9799253344535828, 0.020071694627404213, 3.4401497206459908e-9, 7.096263160422112e-11, 0.000002970775085486821, 7.238996602154657e-8, 7.8197661679269e-9
0.9753543734550476, 0.022891173139214516, 9.806885827856604e-7, 0.0000010319358807464596, 0.00010031610145233572, 0.00163050158880651, 0.000021812062186654657
0.9707142114639282, 0.027473175898194313, 0.00009848898480413482, 2.383397799121667e-7, 0.0011470161844044924, 0.0005466697621159256, 0.000020170147763565183
0.9999542832374573, 0.00003674547406262718, 7.132946233667781e-9, 2.0122677829581548e-11, 0.000009544865861244034, 2.2229917906457786e-9, 2.1522746251889657e-8
0.9985809922218323, 0.001266269013285637, 0.0000018292237200512318, 2.5586004426259024e-8, 0.00013284129090607166, 0.000016346792108379304, 0.0000020339616639830638
0.9986376762390137, 0.0013330485671758652, 1.1477900585532552e-7, 2.9842619486686317e-9, 0.000028459711757022887, 3.3031687962647993e-7, 2.999537684900133e-7
0.9905943274497986, 0.006919053848832846, 0.00003658589776023291, 1.1213984407731914e-7, 0.00013437298184726387, 0.0023144246079027653, 0.000001168878270618734
0.7100307941436768, 0.22601784765720367, 0.009233126416802406, 0.0003192369476892054, 0.0062676891684532166, 0.029905257746577263, 0.01822604238986969
0.9472357034683228, 0.0020031798630952835, 0.000025321969587821513, 5.406078251724011e-9, 0.000005292894911690382, 0.05071995034813881, 0.000010490313798072748
0.9986629486083984, 0.0004960085498169065, 1.9668954109874903e-7, 3.751588906197867e-8, 0.0008255180437117815, 0.00001445364614482969, 8.444516765848675e-7
0.9773880839347839, 0.022274229675531387, 0.000004787720172316767, 7.204548779782272e-8, 0.00009907903586281464, 0.00023340228653978556, 3.473644483165117e-7
0.19111493229866028, 0.8083678483963013, 0.00006116359145380557, 5.64474644804136e-9, 0.0004285750037524849, 0.000022770147552364506, 0.000004637682650354691
0.8305103182792664, 0.16593386232852936, 0.0001467192341806367, 2.3241204871737864e-7, 0.000001862620251813496, 0.0034067421220242977, 3.206760368357209e-7
0.9968397617340088, 0.0012472046073526144, 0.00000836144135973882, 1.726310046024082e-7, 0.00003859868229483254, 0.0018638258334249258, 0.0000021229207050055265
0.9999414086341858, 0.0000015989220401024795, 1.1894889695440725e-7, 2.5595174868442427e-9, 2.3098641577234957e-7, 0.00005661337127094157, 1.9302662246367674e-10
0.9882558584213257, 6.087278734412394e-7, 0.00000751620336814085, 9.427144398443943e-9, 0.0000028016431770083727, 0.011733053252100945, 2.4812847332356114e-9
0.664079487323761, 0.30508700013160706, 0.0031939290929585695, 0.0003797404933720827, 0.0006529149832203984, 0.02047586999833584, 0.006131099537014961
0.9997925758361816, 0.000004422703113959869, 5.973457177788077e-7, 6.166668842233491e-10, 6.83256416778022e-7, 0.00020181630679871887, 1.309681585404121e-9
0.9953824877738953, 0.0005542787839658558, 0.0018800830002874136, 0.000001017996396512899, 0.00026328107924200594, 0.0019181716488674283, 6.619679311370419e-7
0.9999895691871643, 4.604789012319088e-7, 2.2988145076396904e-7, 1.9274815077352514e-10, 0.000006665159617114114, 0.0000023894554033176973, 6.907404213052359e-7
0.9999861717224121, 0.0000039363085306831636, 0.0000011625871820797329, 3.0037250464687304e-11, 0.0000015051100490381941, 0.000003966435087932041, 0.000003248114580856054
0.9999895691871643, 0.0000031102449611353222, 5.118019785754768e-9, 7.711802550713909e-12, 0.00000711845632395125, 1.0131132910373708e-7, 1.6153187676337666e-9
0.9999914765357971, 9.907176945489482e-7, 1.3682358579458764e-9, 9.455967909730023e-13, 3.691700456442959e-8, 0.000007912183718872257, 3.526064162873155e-10
0.9997974038124084, 0.0000062319727476278786, 0.000039267859392566606, 3.3057990123097625e-8, 0.000007018132237135433, 0.0001500094949733466, 2.807535111060133e-7
0.9998436570167542, 0.000034827538911486045, 1.775353730693041e-8, 2.228721512897991e-10, 0.000001757874088070821, 0.00011972020729444921, 1.810814040936748e-7
0.9999457001686096, 0.000028189830118208192, 8.467054044558608e-7, 9.89995108113817e-9, 0.000021962894606986083, 0.0000028802157885365887, 6.95409823947557e-7
0.9999294281005859, 0.000058161065680906177, 1.595994945091661e-7, 1.8581072236401042e-9, 0.000004168832219875185, 0.000008011836143850815, 1.8035150617379259e-7
0.00033924789750017226, 0.7867271900177002, 0.000008041411092563067, 7.232339171991953e-9, 1.6959157633777977e-8, 0.21220196783542633, 0.0007235148805193603
0.8962984681129456, 0.10310197621583939, 0.00004304090543882921, 2.494503519301361e-7, 0.00007450431439792737, 0.00048125869943760335, 4.566135771710833e-7
0.5343014597892761, 0.4655861258506775, 7.306861107281293e-7, 9.410843659907187e-8, 0.000002007301191042643, 0.00010963241948047653, 2.3863302445192858e-8
0.9949459433555603, 0.003172952914610505, 0.00007631875632796437, 0.0000014940475239200168, 0.00011207543138880283, 0.0016891096020117402, 0.0000021340895273169735
0.03653094917535782, 0.7499487400054932, 0.005196393933147192, 3.125504974832438e-7, 0.000010173976079386193, 0.20815511047840118, 0.0001581779943080619
0.9500146508216858, 0.04711487889289856, 0.00003169225965393707, 5.079360789750353e-7, 0.00009614383452571929, 0.0027418883983045816, 1.4186502994562034e-7
0.9425846934318542, 0.00010607896547298878, 0.002439213916659355, 0.0000686506973579526, 0.0006943220505490899, 0.054103754460811615, 0.0000032047132663137745
0.9997249245643616, 0.00026438996428623796, 0.0000015662561736462521, 2.964819278972186e-9, 0.00000804956926003797, 2.0009449031022086e-7, 8.743937200961227e-7
0.999995768070221, 0.000004086989974894095, 4.898253802565478e-9, 8.364993268374088e-13, 6.035095623246889e-8, 4.6581025259229136e-8, 2.003761823132777e-9
0.9999266266822815, 0.0000731804539100267, 6.731453727759629e-10, 8.625381225230155e-13, 2.451569116601604e-7, 8.815077556789674e-9, 1.404829724771517e-10
0.9999828934669495, 0.000016908168618101627, 1.6470970365389803e-8, 2.679372132149971e-12, 9.02943355640673e-8, 1.683664407892138e-8, 3.777364643298142e-9
0.9999976754188538, 0.0000018145477724829107, 2.8923161643490403e-9, 3.008148201019689e-12, 2.3939110693760313e-9, 4.341963801834936e-7, 1.917832420650356e-10
0.9999985694885254, 6.691913654321979e-7, 1.2743171851070656e-8, 2.243873836738075e-11, 1.8133655999008624e-7, 3.1484267992709647e-7, 2.1260750937557304e-9
0.9999990463256836, 0.0000013563164884544676, 8.569547849113235e-10, 5.371320521609796e-15, 4.942827813714246e-10, 7.77221060843658e-8, 2.681756899880483e-11
1, 2.468004822731018e-7, 2.507916097016505e-9, 5.938112279451832e-14, 6.429107912708787e-8, 5.758741927763822e-9, 2.8556354503272985e-10
0.999995231628418, 0.00000442944428868941, 3.5676095411218967e-9, 2.327355972872591e-13, 2.6352577009447486e-8, 6.383018558153708e-9, 4.308056966717544e-10
0.9999961853027344, 0.0000033641115351201734, 1.2697966234043179e-8, 1.0747939403711257e-13, 4.087850058454023e-9, 7.056603834598718e-8, 2.0693093072399193e-10
0.9999990463256836, 6.15347460097837e-7, 1.4990771957101856e-9, 1.7168421361218184e-13, 1.8051515837669285e-8, 1.5950458021052327e-7, 7.229041254497304e-10
0.9999847412109375, 0.000011643407560768537, 0.000002484504648236907, 2.3456174780278616e-9, 6.796562388444727e-7, 4.529064483449474e-7, 3.2557291973489555e-8
0.9999990463256836, 3.9436585552721226e-7, 9.932529110301402e-8, 7.631716439360225e-12, 2.0030437752893704e-8, 6.136990009508736e-7, 1.892151324511815e-9
0.9999971389770508, 0.0000024246414795925375, 4.661386299176229e-8, 1.5160624491916685e-11, 3.9418136310587215e-8, 3.5845917523147364e-7, 1.941663496651813e-9
0.9999947547912598, 0.0000046426148401224054, 6.185563172778075e-9, 2.762531349509434e-11, 5.672321208294306e-7, 1.972202028355241e-7, 4.959441191054736e-10
0.8047569394111633, 0.19523413479328156, 6.706341082463041e-8, 3.141259474759295e-10, 0.000008779660674917977, 1.5679448850391964e-8, 1.0937987582337882e-7
0.9667601585388184, 0.0332387238740921, 2.736565640759636e-8, 1.902365244499382e-11, 0.0000011269479500697344, 3.1312996640053825e-9, 9.219739416366224e-10
1.7478216096655785e-10, 1, 3.1919068659068493e-15, 1.5159487830148275e-18, 9.605087314705149e-14, 3.801075936209902e-14, 9.556953319000971e-12
0.0007048379047773778, 0.9992859959602356, 7.273859736756094e-9, 2.7622059306509072e-8, 2.749497740595075e-9, 0.000008896152394299861, 1.382021679319223e-7
1.7994970846757496e-8, 1, 3.760394299005994e-15, 9.69503217636313e-16, 4.476708717268685e-14, 1.9794198224953874e-10, 2.2182623793387535e-10
0.000792940438259393, 0.9992069005966187, 2.9962403669259174e-9, 2.1678816519710153e-9, 2.0055428429088806e-9, 3.145177984720249e-8, 3.570742421743489e-7
0.879248857498169, 0.12061391025781631, 0.000001717781628940429, 2.660716091895665e-11, 0.00013295943790581077, 2.8577424870945833e-8, 0.000002485299773979932
0.9908109307289124, 0.009189153090119362, 2.1776136449602745e-9, 8.140916868577819e-13, 3.6392719948707963e-8, 2.7852720130283615e-9, 2.0476547124559374e-9
0.94027179479599, 0.059727706015110016, 1.935325677493438e-9, 1.8433071041767946e-11, 7.960238690429833e-7, 2.035293356072998e-8, 1.3292502210049406e-8
0.9918901920318604, 0.008109883405268192, 1.5103048811582198e-9, 2.409310598250336e-12, 6.757659321010578e-8, 5.364534416685274e-8, 3.17638040314705e-8
0.9974673986434937, 0.002532290294766426, 8.81147776965463e-9, 3.3487278922050834e-11, 5.024273832532344e-7, 4.014151500086882e-8, 9.599143702132551e-9
0.9997301697731018, 0.00027016879175789654, 1.0293839114439152e-9, 1.5716123064404841e-12, 4.0366632703126015e-8, 2.0788653021242e-9, 1.0043342824062051e-9
0.998846709728241, 0.0011524007422849536, 1.6479814179959362e-9, 4.074043533086602e-11, 8.947544642978755e-7, 1.2767605994667974e-7, 1.8846464389099538e-9
0.9997606873512268, 0.00023921608226373792, 2.043687219455137e-9, 7.821163963868394e-13, 1.623229017866379e-8, 1.2423953421603073e-8, 2.301034474072594e-9
0.9984538555145264, 0.001545117236673832, 2.8991305356385055e-8, 1.2720549613653986e-10, 7.643104709131876e-7, 1.4632688305482588e-7, 1.6952521164625978e-8
0.9997296333312988, 0.0002698949829209596, 4.434243638939961e-9, 7.697816689633541e-11, 9.763586916733402e-8, 1.2311865305036918e-7, 3.644852597517456e-8
0.999789297580719, 0.00021000065316911787, 1.1806104982525767e-9, 2.2802329469051585e-11, 2.419316444957076e-7, 4.403798925523006e-7, 6.007417896469747e-10
0.9995795488357544, 0.0004201793053653091, 6.05697403344152e-9, 2.3247169814166746e-11, 2.128654159605503e-7, 1.710140828947715e-8, 1.0071651956877758e-8
0.9999532699584961, 0.0000463159813079983, 5.336882602513526e-10, 2.8989126637374296e-12, 3.4920862646004025e-8, 2.2075427708045936e-8, 1.756573331235245e-9
0.9995757341384888, 0.00042224113713018596, 8.755030478369008e-8, 9.048674587397443e-10, 7.526823537773453e-7, 9.179710787066142e-7, 1.6798956892216665e-8
0.9999356269836426, 0.0000641922524664551, 1.7289414344645593e-9, 3.885422539262606e-11, 6.17085262888395e-8, 2.489377592951314e-8, 2.3796074000159706e-9
0.9999876022338867, 0.000012116028301534243, 6.011334763300624e-10, 6.197015556957952e-12, 2.6014722820377756e-8, 5.995492102783828e-8, 9.293718017389097e-10
0.9994851350784302, 0.0005140165449120104, 9.497524189328033e-8, 1.1151712886459109e-9, 5.009138703826466e-7, 3.9771475712768734e-7, 1.7124259343859194e-8
0.9999570846557617, 0.000042859286622842774, 1.6399331892458235e-9, 3.627177724840891e-11, 6.586793688256876e-8, 1.264664888367406e-7, 1.5659002983170467e-9
0.9998598694801331, 0.00013938632037024945, 5.765628863230177e-9, 2.5096577593863856e-11, 5.202442139307095e-7, 1.086218848200815e-8, 1.6211229025842044e-9
0.9999761581420898, 0.000023638333004782908, 1.101153723759296e-9, 1.3442582279515197e-13, 5.655009793770205e-9, 1.659922510555134e-8, 9.310787696392708e-10
0.9998345375061035, 0.00016528948617633432, 3.4698719453274407e-9, 3.450603691668164e-11, 4.584348900493751e-8, 2.1383429782417807e-7, 2.6844488854038673e-9
0.9999117851257324, 0.00008802172669675201, 3.1159044233675104e-9, 5.867076269261418e-11, 7.521850875491509e-8, 7.353640540941342e-8, 1.6994059492958513e-8
0.999735414981842, 0.00026319443713873625, 1.5133229114283608e-9, 6.5476296259858735e-12, 1.0693764984637255e-8, 0.0000014105223726801341, 1.084105583082362e-9
0.9999656677246094, 0.00003480134910205379, 7.988219530297158e-10, 2.2934482004494106e-12, 2.0578315940156244e-8, 1.865197951644859e-8, 7.528994649952381e-10
0.9999580979347229, 0.00004086022454430349, 3.847397067602287e-9, 1.5742908279076095e-12, 1.0605851308298497e-8, 7.096928129612934e-7, 4.483477755723442e-10
0.9964073300361633, 0.0024526240304112434, 7.893315228102438e-7, 1.902357382732589e-9, 0.0000010134722288057674, 0.0011379573261365294, 1.2048509745454794e-7
0.8869448900222778, 0.00029049234581179917, 0.000030081055228947662, 1.087491909856908e-7, 0.0000022277342850429704, 0.11272988468408585, 0.00000243151430368016
0.033228661864995956, 0.0016326813492923975, 0.0017238055588677526, 0.003102400340139866, 0.007340379524976015, 0.94899582862854, 0.003976344596594572
0.95453280210495, 0.03238097205758095, 0.004504525102674961, 0.000048296977183781564, 0.0008231738465838134, 0.007542384322732687, 0.00016781350132077932
0.978655993938446, 0.020888417959213257, 0.00001179674200102454, 9.788402621779824e-8, 0.000020360235794214532, 0.00042330281576141715, 2.4873835968719504e-7
0.9488654136657715, 0.01391872949898243, 0.0003224035899620503, 0.0000176721005118452, 0.0003356776142027229, 0.036400191485881805, 0.00014004955301061273
0.9452832341194153, 0.054612141102552414, 0.000005429614247987047, 7.340954510937081e-9, 0.0000398071642848663, 0.00005937745299888775, 8.608450841052218e-9
0.9232364296913147, 0.07674716413021088, 2.042968390014721e-7, 6.022288001616971e-9, 0.0000010147284683625912, 0.00001524034178146394, 1.423787532317533e-9
0.7946620583534241, 0.001346066128462553, 0.0008334643207490444, 7.995889177436766e-7, 0.00003237657801946625, 0.20310372114181519, 0.00002168196442653425
0.6006825566291809, 0.009283463470637798, 0.0021471770014613867, 0.000004851046469411813, 0.00001156242797151208, 0.38655656576156616, 0.0013138329377397895
0.992900013923645, 0.000055005395552143455, 0.000017911859686137177, 7.012512526216597e-8, 4.814569933841994e-7, 0.00702667236328125, 2.104318852502729e-8
0.9941108822822571, 0.003772190771996975, 0.000029771385015919805, 6.139092079138209e-7, 0.000007491292763006641, 0.0020787150133401155, 4.269906526133127e-7
0.9974669814109802, 0.00001950663499883376, 0.0000036211588394508, 0.0000011211700439162087, 0.0000024882783691282384, 0.0025055576115846634, 7.602772598147567e-7
0.7279322147369385, 0.0019341036677360535, 0.00008771938883000985, 0.00010551988816587254, 0.00000825448296382092, 0.2699105739593506, 0.00002168818718928378
0.9731713533401489, 0.006191157270222902, 0.000009184735972667113, 0.000024275890609715134, 0.00019839884771499783, 0.02040003053843975, 0.000005587839950749185
0.9994173049926758, 0.00008746219828026369, 0.00000275971251539886, 1.7539626639972994e-8, 8.570838616606125e-8, 0.0004925617831759155, 6.811144004359448e-8
0.9996135830879211, 0.00020781406783498824, 0.000004377677214506548, 1.3039024793215503e-7, 5.3210584383123205e-8, 0.00017403157835360616, 4.038264478367637e-8
0.9993969798088074, 0.00038573911297135055, 0.0000037912527659500483, 1.5726283209005487e-7, 4.3085688616884e-7, 0.0002124138845829293, 5.267819460641476e-7
0.9883197546005249, 0.001010605483315885, 0.000004292296580388211, 1.4316225360744284e-7, 5.679764853994129e-7, 0.010664592497050762, 5.4900965551496483e-8
0.9975456595420837, 0.0003146250091958791, 0.000008385807632294018, 2.1348290601963527e-7, 5.58339479539427e-7, 0.002129094209522009, 0.0000014029103567736456
0.9999399185180664, 0.0000012279125485292752, 0.0000015137388800212648, 1.87117507266521e-7, 0.000024573011614847928, 0.00003247390850447118, 3.178711835971626e-7
0.997491717338562, 0.0009351192857138813, 4.1824179675131745e-7, 3.881125110183348e-8, 0.0015677196206524968, 0.0000035914745240006596, 0.0000012700903653239948
0.9490644931793213, 0.006601645611226559, 0.0004983541439287364, 3.893191546922026e-9, 0.0005830765003338456, 0.04315062239766121, 0.0001018461407511495
0.9986903071403503, 0.0011592840310186148, 0.000003685536057673744, 4.11947382872313e-8, 0.000019101571524515748, 0.0001275419199373573, 4.6080899096523353e-8
0.9994184374809265, 0.0005811110604554415, 6.785421668986658e-10, 4.03058473099141e-13, 1.025762053075141e-8, 1.2167430396559098e-9, 1.1417680689795873e-10
0.9998813271522522, 0.00011795415048254654, 5.8970691441118106e-8, 5.391040391877766e-11, 5.437315167000634e-7, 5.982633410894778e-8, 4.209061099658129e-9
0.9572931528091431, 0.042703837156295776, 2.9485266850315384e-7, 1.0896449076369663e-8, 0.0000022567403448192636, 4.768604640048579e-7, 7.154101311357408e-9
0.9999518990516663, 0.00004441159762791358, 0.000001226368112838827, 5.491411214642028e-10, 0.0000024057133032329148, 2.3122626657823275e-7, 9.429836467234054e-8
0.9929397106170654, 0.007053769193589687, 0.0000026164070732193068, 1.9284474017666753e-9, 0.000001149425429503026, 0.000002733914698183071, 1.5984930712420464e-7
0.9987805485725403, 0.0012164032086730003, 9.252745059029621e-8, 2.7048802087037416e-10, 9.599739314580802e-7, 0.0000022927229110791814, 3.6788234680784626e-9
0.9450181126594543, 0.054867517203092575, 0.00002229761412309017, 6.019008083057997e-7, 0.00006915370613569394, 0.000014941243534849491, 0.00000755906376070925
0.9971697330474854, 0.0026775365695357323, 1.6533911662008904e-7, 1.8068611495891673e-8, 0.000152251057443209, 4.555011514639773e-7, 6.478912695229155e-8
0.999751627445221, 0.00013315514661371708, 2.568496881849569e-8, 3.3537739252409438e-9, 0.00010690193448681384, 0.000008095406883512624, 3.8253435263868596e-7
0.9913240671157837, 0.0028167436830699444, 0.00005368911297409795, 9.542797840822459e-8, 0.000051640497986227274, 0.005751475691795349, 0.000002417206360405544
0.9778993129730225, 0.021777404472231865, 0.0000015892151168372948, 3.331289688546235e-9, 0.00029625481693074107, 8.812187388684833e-7, 0.000024566612410126254
0.9767784476280212, 0.006469900254160166, 0.0000031045303785504075, 4.7333364250334853e-7, 0.016726959496736526, 4.3110017600156425e-7, 0.00002046178087766748
0.98795485496521, 0.011906943283975124, 3.7597567370539764e-7, 1.8362360520995935e-8, 0.0001346509379800409, 0.0000029593168164865347, 3.0916774562683713e-7
0.9957979321479797, 0.004188844468444586, 3.171399782786466e-7, 6.678400610304891e-10, 0.000012668284398387186, 2.6337042413615563e-7, 1.589223685982688e-8
0.998261570930481, 0.0017285672947764397, 5.931300393058336e-7, 5.1503294962174095e-9, 0.000008515099580108654, 7.63153366278857e-7, 4.398562580831822e-8
0.9984368085861206, 0.001517019234597683, 0.0000024394062165811192, 1.479811118088037e-7, 0.000004627454927685903, 0.00003904383993358351, 4.2049336457239406e-8
0.9999046325683594, 0.00009384136501466855, 2.826555345336601e-8, 6.531754581651228e-10, 1.8104454113654356e-7, 0.0000013246274193079444, 5.52203882620006e-9
0.9989882111549377, 0.0007742636371403933, 4.76866148346744e-7, 3.6111813983552565e-7, 0.0000034033348583761835, 0.00023298038286156952, 2.9137549972801935e-7
0.9987519979476929, 0.0005947966710664332, 0.000012774325114150997, 5.304180490384169e-7, 0.000025988627385231666, 0.0006118656019680202, 0.0000021224127522145864
0.9946620464324951, 0.00007274719246197492, 0.00001797254844859708, 7.65710240102635e-7, 0.0000010563366004134878, 0.005244988016784191, 2.5407382509001764e-7
0.9744288325309753, 0.024967903271317482, 0.0000788472534622997, 4.387974001929251e-7, 0.000002356617642362835, 0.0005106757744215429, 0.000011064989848819096
0.5973533987998962, 0.00016665860312059522, 0.0009860878344625235, 0.00006153681897558272, 0.000007093578915373655, 0.4011567234992981, 0.0002685282670427114
0.459992915391922, 0.000016098925698315725, 0.00035365676740184426, 0.000027740812583942898, 5.011191888115718e-7, 0.5396086573600769, 5.096405857329955e-7
0.22604474425315857, 0.00004626640657079406, 0.00023306679213419557, 0.00003487972207949497, 0.0000023536067601526156, 0.7736343741416931, 0.0000042864894567173906
0.8028550744056702, 0.00003329481478431262, 0.0002863738627638668, 0.000027842957933899015, 0.000007251572696986841, 0.19678734242916107, 0.0000028466749881772557
0.032045621424913406, 0.000004433932190295309, 0.00048123643500730395, 0.00000495374570164131, 3.2452561526952195e-7, 0.9674592614173889, 0.000004326000180299161
0.006882922258228064, 1.4113973634266586e-7, 0.00004046534377266653, 1.423981217385517e-7, 1.0068535516438715e-7, 0.9930240511894226, 0.000052182611398166046
0.014471665024757385, 0.0000015105161992323701, 0.000026924315534415655, 6.744235747646599e-7, 3.261695979972501e-8, 0.9822341799736023, 0.003264958970248699
0.009683510288596153, 0.000002824944886015146, 0.0005935915978625417, 0.00005244345447863452, 8.60794898471795e-7, 0.48652535676956177, 0.5031415224075317
0.037042777985334396, 0.0000027916971703234594, 0.0004719307762570679, 0.000021842377464054152, 1.0123808635853493e-7, 0.9495664834976196, 0.012894200161099434
0.30969491600990295, 0.00016198682715184987, 0.0016582112293690443, 0.00004007649840787053, 0.0000046545624172722455, 0.6801124811172485, 0.008327566087245941
0.03357003256678581, 0.000017588166883797385, 0.00005439633605419658, 0.000009354080248158425, 3.455131718510529e-7, 0.9601072669029236, 0.006241212598979473
0.05672205239534378, 0.000016408243027399294, 0.000051747148972935975, 3.4064456144733413e-7, 5.190872798266355e-8, 0.9420372247695923, 0.0011721031041815877
0.07521161437034607, 0.000009997967026720289, 0.00022428187367040664, 0.0000017135921552835498, 1.120654431474577e-7, 0.924310564994812, 0.00024183408822864294
0.09162960201501846, 0.00007590503810206428, 0.00004050559437018819, 0.000002146982751582982, 8.529443817906213e-8, 0.907760739326477, 0.0004910948919132352
0.4560225307941437, 0.00010714976815506816, 0.0014857889618724585, 0.0000552449855604209, 0.000004623235327017028, 0.5403608083724976, 0.001963844522833824
0.45843127369880676, 0.0006562654161825776, 0.0016158180078491569, 0.00015667127445340157, 0.00001180649360321695, 0.39511868357658386, 0.14400947093963623
0.620111346244812, 0.0002793302992358804, 0.0005209702649153769, 0.000003849563654512167, 0.0000011210663615202066, 0.37728071212768555, 0.0018026625039055943
0.7697981595993042, 0.000050269445637241006, 0.00040405840263701975, 3.516724689234252e-7, 0.0000029283255571499467, 0.22965101897716522, 0.00009318636875832453
0.9388902187347412, 0.004393608309328556, 0.0002123462181771174, 3.739897280752302e-8, 0.00004272842488717288, 0.05555505305528641, 0.0009060564916580915
0.6434528827667236, 0.001109946402721107, 0.00018360099056735635, 0.000024012677386053838, 0.0000010924387652266887, 0.30154046416282654, 0.053688306361436844
0.9814270734786987, 0.013033854775130749, 4.5106892798685294e-7, 3.3744103689059557e-7, 0.000006387736448232317, 0.00036615028511732817, 0.005165795795619488
0.9780692458152771, 0.010168347507715225, 0.0000020198635866108816, 7.228361482702894e-7, 0.000008917123523133341, 0.004190676845610142, 0.007560154888778925
0.9944980144500732, 0.0024684693198651075, 0.00001006824186333688, 0.0000016297981346724555, 0.0000069234674811013974, 0.001597043708898127, 0.0014179028803482652
0.017097335308790207, 0.912835955619812, 0.00004640101906261407, 0.000003379995632712962, 0.0003234091855119914, 5.112250960337406e-7, 0.06969307363033295
0.010456488467752934, 0.989493191242218, 0.0000023890543161542155, 1.2105655367022905e-10, 0.00003929148806491867, 0.0000020056061202922137, 0.000006796364687033929
0.1779717355966568, 0.20819564163684845, 0.0000548741445527412, 2.6058441515708353e-10, 0.000005862499619979644, 0.6136147379875183, 0.00015716013149358332
0.007659989409148693, 0.8774662613868713, 0.0038000212516635656, 2.31415580032035e-8, 0.0000038110224522824865, 0.11104829609394073, 0.000021630443370668218
0.05002859979867935, 0.9498604536056519, 5.285678739141986e-8, 2.7860781415256497e-7, 2.619698875605536e-7, 0.00010910112177953124, 0.0000014021148899701075
0.00005038428571424447, 0.999946117401123, 2.300243773234456e-9, 5.212308709645619e-11, 0.0000013113464092384675, 3.507257817503273e-10, 0.0000023249408513947856
0.912696897983551, 0.08725129812955856, 0.000015809322576387785, 1.8293422954229754e-7, 0.000013615949683298822, 0.000014586466022592504, 0.000007616000857524341
0.6702923774719238, 0.3295805752277374, 0.000010042080248240381, 1.0214233725491795e-7, 0.00008225462079280987, 0.0000018647564274942852, 0.00003284430567873642
0.8289315104484558, 0.171066552400589, 5.98692153630509e-8, 5.187772433856708e-10, 1.0706298070317644e-7, 0.0000016436446230727597, 6.486634873681396e-8
0.022120025008916855, 0.9690867066383362, 0.0000044146358959551435, 0.000006970233698666561, 0.004863956943154335, 0.000003090075551881455, 0.003914961591362953
0.2449469119310379, 0.7550012469291687, 0.000006788884093111847, 7.346108645833738e-7, 0.0000011332634812788456, 0.000040710488974582404, 0.000002602607310109306
0.45500171184539795, 0.5449982285499573, 2.5303301676160572e-9, 2.869175730335627e-10, 1.900776203100918e-9, 4.8353275161616693e-8, 3.033335360669298e-8
0.8357556462287903, 0.16424161195755005, 1.6834262339671113e-7, 2.3694358475268018e-8, 1.1246157782807131e-7, 0.000002154178901037085, 2.3644665247957164e-7
0.29481253027915955, 0.7035144567489624, 0.00003104835923295468, 0.00000790654758020537, 0.0016286014579236507, 0.0000034177728593931533, 0.000002074872782031889
0.374067485332489, 0.62591952085495, 3.2051795528786897e-7, 4.8068489633124045e-8, 0.000010720531463448424, 0.0000017902023046190152, 1.3342662441573339e-7
0.9380794167518616, 0.0612456314265728, 0.00002710546505113598, 0.000004519733010965865, 0.0005405833944678307, 0.0000333319439960178, 0.00006955909339012578
0.9911701083183289, 0.008797532878816128, 0.0000018593922277432284, 1.6470925956468818e-8, 0.000028009912057314068, 7.312204957088397e-7, 0.000001991170165638323
0.9980073571205139, 0.001992038683965802, 2.1789670512362136e-8, 3.941849957556087e-9, 2.288782781079135e-7, 2.4394901743107766e-7, 5.5719433511569605e-9
0.9561693072319031, 0.043830618262290955, 8.929808004154438e-9, 1.6975826300225094e-10, 2.1495134205906652e-7, 5.529694746542191e-8, 9.270941347949702e-9
0.9644914865493774, 0.03550777956843376, 1.5639843198300696e-8, 4.807961806463368e-10, 3.8454996342807135e-7, 2.9954480851301923e-7, 1.4152091054597804e-8
0.8978187441825867, 0.10218115895986557, 8.159307895994061e-9, 7.173308613772633e-10, 2.8418432052035314e-8, 1.5153707977333397e-7, 1.1591265725030553e-8
0.9824944138526917, 0.017505306750535965, 1.5688572663208333e-9, 1.6738194164034326e-11, 1.2013373407171457e-8, 7.619114228418766e-9, 1.084591638722543e-9
0.7477995753288269, 0.2521834373474121, 3.427501553687762e-7, 8.89665940917439e-9, 1.0517255333297726e-7, 0.000016597434296272695, 1.1568148039486914e-7
0.896075427532196, 0.10374806821346283, 0.0000036503452065517195, 3.2187681853201866e-8, 8.891014999790059e-7, 0.00017119479889515787, 7.776670827297494e-7
0.9451345801353455, 0.05166220664978027, 0.0000438140268670395, 4.673295350698936e-8, 0.0000010806066939039738, 0.003156670369207859, 0.0000016796579984657
0.0002322120708413422, 0.9997653961181641, 8.757277680793152e-10, 3.731501869649878e-13, 6.573988575730993e-11, 0.000002181151558033889, 5.5490065875574146e-8
0.013876263983547688, 0.9857770204544067, 0.000006880643923068419, 1.0179884490923996e-8, 1.1297928637077348e-7, 0.00000465995617560111, 0.00033516407711431384
0.6086055636405945, 0.010020104236900806, 0.0016962809022516012, 0.00018170214025303721, 0.000007832895789761096, 0.3794603645801544, 0.00002803041752486024
0.9426573514938354, 0.04468490928411484, 0.0005772999138571322, 6.787233246541291e-7, 0.00030868800240568817, 0.011598401702940464, 0.00017271247634198517
0.6744893789291382, 0.3181918263435364, 0.00001555229209770914, 0.0000012553463193398784, 0.007110429462045431, 0.000013263710570754483, 0.00017831794684752822
0.4699915051460266, 0.40655460953712463, 0.04013899713754654, 0.00023355863231699914, 0.03636863827705383, 0.04432593658566475, 0.002386627718806267
0.9956440925598145, 0.004251482896506786, 0.0000010065314199891873, 5.159536442533863e-8, 0.00008044658898143098, 0.000022348536731442437, 4.1546365991962375e-7
0.9977119565010071, 0.0022230015601962805, 0.00003207258487236686, 2.010725097534305e-8, 0.00001859212716226466, 0.0000016977394352579722, 0.000012719605365418829
0.9775053262710571, 0.019042648375034332, 0.00013492937432602048, 0.000002472253299856675, 0.003300426760688424, 0.000003952981387556065, 0.000010310262950952165
0.8428151607513428, 0.13000716269016266, 0.000007262971394084161, 0.0000019831231838907115, 0.026948856189846992, 0.00017235823906958103, 0.0000473130276077427
4.4802241916386265e-9, 1, 1.746304142957733e-11, 3.732795000969133e-15, 7.158870163337383e-10, 5.4217751815910376e-11, 5.09355047029203e-9
5.76755795900219e-11, 1, 2.226327455723265e-11, 1.0508891289996453e-14, 1.2138237463765744e-11, 2.2984409930870697e-9, 2.07177018596294e-11
0.0000013542738770411233, 0.9999942779541016, 2.4222418915087474e-7, 2.945328703152228e-11, 2.7210707020941527e-9, 0.0000013225887869339203, 0.0000030556254841940245
0.021354876458644867, 0.9785991907119751, 9.75159064608988e-9, 8.476989776795563e-9, 1.0540766481881292e-8, 0.00004547074786387384, 5.44360148069245e-7
0.0020239236764609814, 0.9979764819145203, 1.4441958740007976e-9, 6.460763347926335e-12, 3.4381717028963976e-8, 5.720278140053381e-10, 2.510098617847234e-8
0.12494737654924393, 0.8750474452972412, 7.684799641083373e-8, 1.2256696102497244e-8, 0.000004692375568993157, 2.096219162694979e-7, 3.1756874818711367e-7
0.765715479850769, 0.23427076637744904, 6.71926272843848e-7, 5.192012597632356e-9, 0.000005662363037117757, 0.0000033927999538718723, 0.000004099506895727245
0.984768807888031, 0.015154817141592503, 2.8782821459572006e-7, 4.306923173658106e-8, 0.00007450534758390859, 0.0000011739751926143072, 5.408343781709846e-7
0.9306307435035706, 0.06936688721179962, 1.8155509451389662e-7, 5.046029150079789e-10, 0.000002040943627434899, 4.869816994101939e-9, 5.351337595271843e-9
0.998233437538147, 0.0017650744412094355, 2.6409567865925965e-8, 2.5199845682388755e-11, 0.0000017642792045080569, 8.567858600372347e-8, 1.7616293979116904e-9
0.950646698474884, 0.04616319015622139, 0.00021922498126514256, 0.0000010226191307083354, 0.002896455815061927, 0.00003231234950362705, 0.00004121837628190406
0.9639424085617065, 0.0359145849943161, 0.0000036896119581797393, 1.5231098871026916e-7, 0.000001909902266561403, 0.0000970487599261105, 0.00004016439197584987
0.6450785994529724, 0.35492151975631714, 1.1578599190542604e-9, 1.4795139072210084e-11, 1.8124140410691325e-8, 4.408692433344186e-8, 3.0276863238754004e-9
0.9455682039260864, 0.05442608892917633, 9.652541876903342e-8, 6.0301594828615634e-9, 0.000004349667960923398, 0.0000013682030157724512, 7.396825818517527e-9
0.2600766718387604, 0.7399227619171143, 2.292750345134209e-8, 1.578496361398507e-10, 8.446750854318452e-8, 1.7527015927498724e-7, 5.464996899462449e-9
0.9565141201019287, 0.04348308965563774, 6.281712927602712e-8, 6.920137796129211e-10, 0.0000026478367090021493, 1.8125433598470408e-7, 9.445945359232155e-9
0.9995661973953247, 0.0004336785350460559, 1.4992971308913638e-9, 5.431927910942713e-12, 2.231383744444315e-9, 2.4671078335813945e-7, 9.285305857531512e-11
0.9991544485092163, 0.0008448262233287096, 2.024044576387496e-8, 7.321396267023772e-11, 2.915068932907161e-7, 2.36015964105718e-7, 8.462489597960143e-10
0.9969115257263184, 0.0030881615821272135, 1.4103546774890674e-8, 2.597544401794494e-10, 1.5373296946563642e-7, 1.647682807970341e-7, 2.1616939349655695e-9
0.9994884729385376, 0.0004996145144104958, 4.383318596978825e-9, 2.500913642844438e-10, 1.164520924135104e-7, 0.00001188845908473013, 1.4511702062236509e-8
0.972813069820404, 0.01989704743027687, 0.000015038568562886212, 0.000023789210899849422, 0.00006353099888656288, 0.007186830975115299, 6.488762096523715e-7
0.9874206185340881, 0.011325960047543049, 0.000006610408945562085, 1.261236945993005e-7, 6.025863399372611e-7, 0.0012461745645850897, 4.0502845521928066e-10
0.999842643737793, 0.00008045456343097612, 5.742828435018055e-8, 1.7322406620223774e-8, 3.9131614926191105e-7, 0.00007668215403100476, 2.6351327370166544e-11
0.9945977926254272, 0.0053995391353964806, 4.739730030678402e-8, 1.5779141548932785e-8, 1.4128815450931143e-7, 0.000002433920144540025, 5.530989444224588e-9
0.9923772215843201, 0.00760579714551568, 5.054334550891326e-8, 3.094266176617566e-8, 2.116825044140569e-7, 0.000016674843209329993, 6.420911091709058e-8
0.9913790225982666, 0.008481968194246292, 3.988943220178953e-8, 2.586786607139402e-8, 1.2150485417805612e-7, 0.00013876227603759617, 6.220950865554187e-8
0.970156192779541, 0.02527925930917263, 4.3209817590650346e-7, 2.5928468971869734e-7, 0.000006531788130814675, 0.004557397682219744, 3.35270975426738e-8
0.9972350597381592, 0.002625604858621955, 1.8283316194356303e-7, 5.290054900797259e-7, 0.0000010546145858825184, 0.00013746922195423394, 2.8530086737532656e-8
0.8597725629806519, 0.12443611025810242, 0.0000013159104810256395, 0.000003270266461186111, 0.000012679712199314963, 0.015773890540003777, 2.1293634233643388e-7
0.9966354370117188, 0.0025081392377614975, 1.2790431469511532e-7, 7.695312120858944e-8, 1.1193129267894619e-7, 0.0008558947592973709, 1.3959224531845393e-7
0.9901983141899109, 0.009761307388544083, 4.1613269274876075e-8, 4.3850224784591774e-8, 3.1465626193494245e-7, 0.000039986291085369885, 1.6031217242584717e-8
0.999548077583313, 0.00028403138276189566, 2.2920561093542346e-7, 1.2452203712598475e-8, 5.779243039683024e-8, 0.00016744805907364935, 2.5885348975407396e-8
0.9986196160316467, 0.001345213153399527, 1.0977957742852595e-7, 2.2254795339904376e-8, 2.0526607968918142e-8, 0.00003495143391774036, 4.539639419931518e-8
0.9992259740829468, 0.0007691109785810113, 3.949580928974683e-8, 3.388684888250282e-8, 2.882634930756467e-7, 0.000004586833711073268, 4.3955395767625305e-8
0.9855135083198547, 0.003791535273194313, 0.0000023338161554420367, 2.962542566820048e-7, 0.0000012008498515569954, 0.01069062389433384, 5.036091579313506e-7
0.9887291193008423, 0.00048533681547269225, 1.5653102991564083e-7, 0.000001008432150229055, 0.0000028755889616149943, 0.010781368240714073, 1.990430753551209e-8
0.8751574158668518, 0.011809258721768856, 0.000014850576008029748, 0.0000012858997706644004, 0.00000596323843637947, 0.11299747973680496, 0.000013862284504284617
0.9979286193847656, 0.0009780522668734193, 0.0000010496223694644868, 0.0000018049508980766404, 0.000001581236460879154, 0.0010885783703997731, 1.7225573856194387e-7
0.9579893350601196, 0.04182298108935356, 2.291368446094566e-7, 2.247040953307078e-7, 0.00000387915952160256, 0.0001798005832824856, 0.0000035712098451767815
0.9476260542869568, 0.05181998386979103, 9.071587214748433e-7, 1.5050802915084205e-7, 0.000004253999577485956, 0.0005469929310493171, 0.0000015328282643167768
0.9935017228126526, 0.006152416113764048, 0.000026495034035178833, 5.949804062765907e-7, 5.274460477266985e-7, 0.0003169150440953672, 0.0000013281082829053048
0.289276123046875, 0.48972398042678833, 0.005023440811783075, 0.000005255867563391803, 0.006507981568574905, 0.20843659341335297, 0.0010265120072290301
0.9845247268676758, 0.005881038494408131, 0.0000027990663511445746, 0.0000022680526399199152, 0.000011511347111081704, 0.009569961577653885, 0.000007707295480940957
0.02938135154545307, 0.0041080256924033165, 0.000012865220014646184, 5.622379717351578e-7, 1.7822866027472628e-7, 0.9607906341552734, 0.005706380121409893
0.004896949045360088, 0.000017982625649892725, 2.604903492908761e-8, 5.276155956579487e-9, 2.0648110998777724e-10, 0.9935197830200195, 0.0015653171576559544
0.9997591972351074, 0.000025934310542652383, 2.1361164215250028e-7, 8.660162973024577e-13, 3.045511343113816e-10, 0.0002146985352737829, 1.1301917623995905e-8
0.791655957698822, 0.00006452796515077353, 4.300243361399225e-8, 7.960745257440394e-11, 1.9165726783398895e-9, 0.20827847719192505, 0.0000010207132845607703
0.9997234344482422, 0.00001065353262674762, 4.78930928693444e-7, 4.4290469729257875e-12, 7.559974868343033e-10, 0.0002654583950061351, 4.0371221921020606e-9
0.9994255900382996, 0.00004269423152436502, 0.0000025563854251231533, 1.2876487376356494e-10, 2.2604494276379228e-8, 0.0005290134577080607, 3.878088605802077e-8
0.9977670907974243, 0.000009342166777059902, 0.000001071674887498375, 3.2173264052914874e-11, 7.221876430207885e-9, 0.00222241529263556, 2.1496358026951157e-9
0.9927263259887695, 0.006186978425830603, 0.00003491633106023073, 7.126790535494365e-8, 3.3508794672343356e-7, 0.001050642691552639, 8.716709771761089e-7
0.9986719489097595, 0.000873117707669735, 1.258959656524894e-7, 1.2333990495605462e-9, 1.3909318852256547e-7, 0.0004544781695585698, 2.1386030724102056e-8
0.9999380111694336, 0.00005258428427623585, 4.910280893000163e-8, 4.416849108679344e-10, 7.448758054806603e-8, 0.000009147314813162666, 1.4272458770392404e-9
0.9998765587806702, 0.0001204116633743979, 1.1817566480942787e-8, 1.3847084590068448e-10, 3.0401082540265634e-8, 0.000003393966380826896, 3.584559038483093e-10
0.999931812286377, 0.00006540186586789787, 4.917264462278581e-8, 7.726651263251227e-11, 1.869899080020332e-8, 0.000002975118150061462, 3.468464127021065e-10
0.9999457001686096, 0.000053313488024286926, 6.533464613767137e-8, 4.4767255874544887e-11, 2.4891603445098553e-8, 7.795312626512896e-7, 4.2335107641733316e-10
0.9999446868896484, 0.00005233530100667849, 1.0075966727640662e-8, 2.3547027175330193e-11, 1.6783328504743622e-8, 0.000003154993464704603, 4.58929783064832e-10
0.9999508857727051, 0.000042835607018787414, 3.0116493121568055e-7, 3.2459473997548116e-10, 2.0697440206163265e-8, 0.00000588778266319423, 3.2059681576157573e-9
0.9999666810035706, 0.000018140739484806545, 2.3651574565519695e-7, 7.031822901737428e-10, 1.2990742703777869e-8, 0.000014902636394253932, 6.24386586878245e-9
0.9998302459716797, 0.00016066552780102938, 6.57755236943558e-8, 4.502057338040544e-10, 7.6478762878196e-8, 0.000008742098543734755, 3.7151386411693466e-9
0.9999538064002991, 0.00004430138142197393, 8.089021008572672e-8, 4.166568132180082e-11, 6.305459265831814e-8, 0.00000190888499673747, 7.769828114234656e-10
0.9999513626098633, 0.00003330443723825738, 3.116485061127605e-7, 4.36162939099205e-10, 1.763204338089963e-8, 0.000015098932635737583, 6.477046010644472e-9
0.9987355470657349, 0.0005941309500485659, 0.000009111046892940067, 1.0345533318911748e-8, 6.799429570492066e-7, 0.000656174321193248, 0.0000043484837988216896
0.9998693466186523, 0.00011595975956879556, 2.0914468734645197e-7, 1.1642362629515901e-9, 0.0000011787808489316376, 0.000013383490113483276, 1.124719872791502e-8
0.9999080300331116, 0.00008533362415619195, 4.504437924879312e-7, 1.537289295860944e-9, 4.1516770465932495e-7, 0.000005867927939107176, 8.47498338174546e-9
0.9997768998146057, 0.000018759468730422668, 0.0000026654861358110793, 9.995839711507415e-9, 5.601390640208592e-8, 0.00020148545445408672, 1.1699621893512813e-7
0.9999575614929199, 0.000009880453944788314, 0.0000010631400755301001, 2.4058883774102924e-9, 4.438706469045428e-7, 0.000031086270610103384, 1.815102024238513e-7
0.9999399185180664, 0.000056894332374213263, 2.8606984869838925e-7, 2.0666081346210063e-10, 3.6271721626235376e-8, 0.000002713221192607307, 2.4698687539626007e-8
0.9979978799819946, 0.001794655923731625, 0.0000012521207963800407, 6.486935433258623e-9, 7.55443920752441e-8, 0.00020530376059468836, 4.827253405892407e-7
0.9970518350601196, 0.00006355284131132066, 0.000006208166269061621, 0.0000017303407275903737, 9.0474532044027e-7, 0.002875151578336954, 5.613674716187234e-7
0.973466694355011, 0.00025176076451316476, 0.000002409010448900517, 8.575542409516856e-8, 0.000001928554183905362, 0.026274261996150017, 0.000002993238922499586
0.9846807718276978, 0.000018624452422955073, 0.00001577676084707491, 5.731041596845898e-7, 1.1434416791189506e-7, 0.015283513814210892, 7.203957466117572e-7
0.9997634887695312, 0.00009274966578232124, 9.17537875011476e-7, 6.014148112853945e-8, 3.523668397065194e-7, 0.00014074635691940784, 0.0000016114832988023409
0.997504711151123, 0.00012470281217247248, 0.0000021656810531567317, 1.5931890118281444e-7, 9.923393662347735e-8, 0.002367626875638962, 5.32082594872918e-7
0.9986667633056641, 0.000004655608336179284, 0.000015349920431617647, 5.342967668298115e-8, 1.7951462893961434e-7, 0.001312857959419489, 3.585800243399717e-7
0.999826967716217, 0.000010777162060549017, 5.605302249023225e-7, 2.215378325232109e-9, 1.7187927525696978e-8, 0.00016180820239242166, 1.281060377777976e-7
0.9808028340339661, 0.00119295425247401, 0.004474315792322159, 0.001450311508961022, 0.0011551922652870417, 0.007069528568536043, 0.0038549157325178385
0.9998316764831543, 0.00011072386405430734, 4.3602048549473693e-7, 1.4683287474781537e-8, 0.000003916888090316206, 0.000053185009164735675, 5.5304187895899304e-8
0.9994655847549438, 0.00006351219053613022, 0.000022114010789664462, 1.4335544307186865e-8, 8.744053161535703e-7, 0.00044771682587452233, 6.071211799962839e-8
0.9983734488487244, 0.0016261530108749866, 1.2937404925139617e-8, 2.916083208237552e-10, 6.379913930487646e-9, 7.585964567624615e-7, 3.871198916982621e-9
0.04553451016545296, 0.9544346928596497, 5.4352312872651964e-8, 4.050926349918882e-7, 4.2986971493519377e-7, 0.00002989572567457799, 6.955101383709916e-9
0.9930671453475952, 0.006924253888428211, 2.0911150500069198e-7, 6.100725702395948e-9, 4.1888096546927045e-8, 0.000008366517249669414, 7.654977451920786e-8
0.9962427020072937, 0.003598577342927456, 0.000012041899026371539, 0.0000013843183523931657, 0.000010574571206234396, 0.00011307692329864949, 0.00002180711817345582
0.998382031917572, 0.00031895702704787254, 0.0000025362007818330312, 1.7786145178888546e-7, 8.59211084502931e-8, 0.0012867822078987956, 0.000009427691111341119
0.990912139415741, 0.0011666519567370415, 0.00001612774758541491, 0.0000036376170555740828, 3.614687500430591e-7, 0.00787863414734602, 0.000022482636268250644
0.9981406331062317, 0.00016873386630322784, 0.0005558154080063105, 0.0000024530313567083795, 0.000006091584964451613, 0.0007799280574545264, 0.0003463294415269047
0.9995042681694031, 0.0002974594826810062, 0.000018963606635225005, 2.944911443591991e-7, 7.92252592418663e-7, 0.0001766526693245396, 0.0000015946683333822875
0.9993267059326172, 0.00009208005940308794, 0.000006046611815690994, 8.22025540969662e-8, 1.0581872800230485e-7, 0.000573833822272718, 0.0000010142684914171696
0.9983589053153992, 0.00012666040856856853, 0.000011932423149119131, 1.0195305577553881e-7, 1.66809513757471e-7, 0.0014969923067837954, 0.000005265590971248457
0.9960417151451111, 0.00026431219885125756, 0.00006730375753249973, 0.0000026158950277022086, 0.0000012290868198761018, 0.0034095649607479572, 0.00021334391203708947
0.9929653406143188, 0.0004048032278660685, 0.000018156191799789667, 0.000003669079433166189, 0.0000012235938129379065, 0.005922135431319475, 0.0006848574848845601
0.9987686276435852, 0.00005902594784856774, 0.000016214236893574707, 9.031355574506961e-8, 1.4036302786735178e-7, 0.001151330186985433, 0.000004701199486589758
0.9954760074615479, 0.00002830623634508811, 0.00009594987204764038, 6.141470407783345e-7, 2.4126472908392316e-7, 0.004387314431369305, 0.000011520421139721293
0.9964310526847839, 0.0001224376173922792, 0.00001358759072900284, 4.086352589638409e-7, 7.42076394999458e-7, 0.003337661037221551, 0.00009411296196049079
0.9632283449172974, 0.0004526854900177568, 0.00005876533396076411, 0.00003760780600714497, 0.0000021880314307054505, 0.03478967025876045, 0.0014307508245110512
0.959330677986145, 0.00005795765537186526, 0.00005745671660406515, 0.000004205544883006951, 6.698410288663581e-7, 0.040460146963596344, 0.00008905572030926123
0.9973305463790894, 0.00030696633621118963, 0.000003141603428957751, 5.20156220318313e-7, 1.8076997321259114e-7, 0.0021293405443429947, 0.00022933774744160473
0.9875838160514832, 0.00026373466243967414, 0.000010160681995330378, 3.959870298331225e-7, 7.148030931602989e-7, 0.011597155593335629, 0.0005440417444333434
0.9925358891487122, 0.0006496877176687121, 0.000004958339104632614, 3.2596653909422457e-7, 3.6655401913776586e-7, 0.0056207082234323025, 0.0011881315149366856
0.9409516453742981, 0.00008743502985453233, 0.00002241729453089647, 0.0000056498602134524845, 5.477409104059916e-7, 0.057093795388936996, 0.0018385469447821379
0.23247547447681427, 0.00011056222865590826, 0.0000012126541832913063, 3.984689911362693e-9, 7.052425843312449e-8, 0.7674126029014587, 3.800788306307368e-8
0.21227121353149414, 0.009549695067107677, 0.003209620714187622, 0.00002320595558558125, 0.00017713794659357518, 0.7743721604347229, 0.00039701623609289527
0.20123694837093353, 0.798747718334198, 0.0000050376029321341775, 1.1353090023646928e-8, 0.0000010972922837027, 0.000007713126251474023, 0.000001498286451351305
0.9160069823265076, 0.08256737887859344, 0.0000055705945669615176, 0.00001107794469135115, 0.000007685398486501072, 0.0013890672707930207, 0.000012218123629281763
0.9353665113449097, 0.06064584106206894, 0.0000018939003894047346, 3.5087879268758115e-7, 0.0000013843806527802371, 0.003982634283602238, 0.0000014248474826672464
0.9960391521453857, 0.0027217823080718517, 0.000004502901902014855, 1.901369159895694e-7, 2.0918395193803008e-7, 0.0012005027383565903, 0.000033511340006953105
0.9971685409545898, 0.0027214440051466227, 0.000001921280954775284, 4.956608989914457e-8, 5.377713705456699e-7, 0.00009665105608291924, 0.000010809053492266685
0.9907631874084473, 0.0007292239461094141, 7.223594593597227e-7, 1.9007030971351924e-7, 1.4445032547882874e-7, 0.00849885307252407, 0.00000770850783737842
0.9957451820373535, 0.0013376014539971948, 0.000021321971871657297, 2.1024112584200338e-7, 2.4567799528085743e-7, 0.0027040946297347546, 0.00019122999219689518
0.9697352647781372, 0.015013416297733784, 0.000005304264050209895, 0.000004081315182702383, 0.000002046041572612012, 0.01518617570400238, 0.00005371762017603032
0.9958666563034058, 0.001525186002254486, 0.000009798552127904259, 0.0000011763024758693064, 0.000001933834255396505, 0.002497625071555376, 0.00009751195466378704
0.9962389469146729, 0.0004816972650587559, 0.000006559783741977299, 0.0000014226977782527683, 1.4646391832684458e-7, 0.0030604747589677572, 0.0002109148190356791
0.994815468788147, 0.0007161329267546535, 0.000013132947060512379, 0.0000011703597238010843, 2.718567770898517e-7, 0.0041932775638997555, 0.0002603589673526585
0.9930012822151184, 0.0006872288649901748, 0.000012958218576386571, 2.6330323521506216e-7, 4.562714366329601e-7, 0.006261705420911312, 0.00003626505349529907
0.9992954730987549, 0.0005134368548169732, 0.000001214942471960967, 1.0469297428983282e-8, 2.3717143804447005e-8, 0.00018840395205188543, 0.0000015233332533171051
0.9085496664047241, 0.0024330413434654474, 0.00009078209404833615, 0.000012919370419695042, 7.983900331964833e-7, 0.0886235311627388, 0.00028930421103723347
0.9811389446258545, 0.0029823007062077522, 0.00029871880542486906, 0.000007870806257415097, 0.000028120799470343627, 0.011876878328621387, 0.003667146433144808
0.966569185256958, 0.0003292403998784721, 0.00004179504685453139, 0.0000145085923577426, 0.000005918454007769469, 0.03284351900219917, 0.0001958872308023274
0.9997344613075256, 0.00021397312229964882, 2.448948634992121e-7, 2.6656943319380844e-9, 9.80407399708838e-9, 0.00004391507900436409, 0.0000073405167313467246
0.9940688014030457, 0.001473174779675901, 0.0001850488770287484, 0.0000026134925974474754, 0.000003730129265022697, 0.0019057703902944922, 0.0023607006296515465
0.4891620874404907, 0.0005303467623889446, 0.000012129971764807124, 0.0000973115602391772, 0.0000014424000482904376, 0.5101454854011536, 0.00005106238677399233
0.805602490901947, 0.00022200866078492254, 0.0001062382580130361, 0.00006399845005944371, 0.000004511345196078764, 0.19346341490745544, 0.0005373317399062216
0.9840258359909058, 0.00024650077102705836, 0.00011018669465556741, 0.0000038230582504183985, 0.000001221024490405398, 0.012871640734374523, 0.002740944270044565
0.7811452746391296, 0.029220078140497208, 0.11574196815490723, 0.0000033189012356160674, 0.00017609070346225053, 0.05639178305864334, 0.017321588471531868
0.002029522554948926, 0.011507689952850342, 0.015008113346993923, 0.0016760275466367602, 0.000041612136556068435, 0.9594138264656067, 0.01032332144677639
0.9731553792953491, 0.00008728828834136948, 0.0004592710465658456, 3.006342694789055e-7, 1.0041363651680513e-7, 0.022827142849564552, 0.0034705798607319593
0.9414393305778503, 0.00015450120554305613, 0.012734410353004932, 0.000116161689220462, 0.00006862419832032174, 0.026857057586312294, 0.018629973754286766
0.6080521941184998, 0.000013437245797831565, 0.0010681914864107966, 0.00021584036585409194, 0.0000027500025225890568, 0.38386622071266174, 0.006781273987144232
0.9936400651931763, 0.000008429502486251295, 0.0007754975813440979, 0.0000035542529985832516, 7.10332074049802e-7, 0.005074933171272278, 0.0004968919674865901
0.523560643196106, 0.00010200137330684811, 0.00038879801286384463, 0.0000017565522512086318, 8.699061027073185e-7, 0.47475168108940125, 0.0011942569399252534
0.9300767183303833, 0.00003233820461900905, 0.00001770803464751225, 0.0000061490750340453815, 1.7371093008478056e-7, 0.06804841756820679, 0.0018183874199166894
0.8297625780105591, 0.00017052965995389968, 0.001945242052897811, 0.0004250482888892293, 0.00001183415406558197, 0.15921029448509216, 0.008474564179778099
0.9394397139549255, 0.05463050305843353, 0.004277300089597702, 1.99130454348051e-7, 0.00018252339214086533, 0.0010451350826770067, 0.0004246180469635874
0.7908132076263428, 0.0016205920837819576, 0.0008744942024350166, 0.00009283277904614806, 0.0020608885679394007, 0.20443452894687653, 0.0001035196110024117
0.007399200461804867, 0.8298033475875854, 9.77286029879565e-10, 1.6354038123722603e-9, 6.865705586278636e-7, 0.16272461414337158, 0.00007221956184366718
0.004755436442792416, 0.9952141046524048, 1.5633000316483958e-7, 5.4405164401361006e-11, 3.665147829678972e-8, 0.00002967968066514004, 7.496782359339704e-7
0.9631921648979187, 0.030475208535790443, 0.0006162384524941444, 9.596046766091604e-7, 0.0000639479621895589, 0.005363245960325003, 0.0002883265260607004
0.5598043203353882, 0.44016146659851074, 0.000006038543233444216, 2.6858867130385988e-8, 0.00001772567156876903, 0.000007684026968490798, 0.000002666885393409757
0.5916149616241455, 0.4083024263381958, 0.00002897499689424876, 9.184628169123243e-9, 0.000040835304389474913, 0.00000934906074689934, 0.000003618258915594197
0.9428488612174988, 0.0570867583155632, 0.000003844137154374039, 8.246511029597059e-9, 0.0000050769035624398384, 0.00005510278060683049, 4.924908694192709e-7
0.999578595161438, 0.0004207218298688531, 3.909950585523347e-9, 2.279654069681225e-11, 9.16288129815257e-8, 7.217599886644166e-7, 5.169717098851834e-8
0.9998087882995605, 0.000009925347512762528, 1.955688588850535e-7, 1.58680091288943e-8, 0.000014911919606674928, 0.0001662668801145628, 1.3787131081244297e-7
0.9990925192832947, 0.00010418304009363055, 0.0000015286310599549324, 4.112366980280058e-7, 0.0005980520509183407, 0.00020208756905049086, 0.000001111964593292214
0.8496513962745667, 0.000792461505625397, 0.0034254284109920263, 3.398811543320335e-7, 0.0016979771899059415, 0.1443454921245575, 0.00008690702816238627
0.9987528920173645, 0.0010898852488026023, 4.2654096432670485e-7, 5.920465895314919e-9, 0.00014066562289372087, 0.000015826670278329402, 3.636030498910259e-7
0.9998727440834045, 0.000017770595150068402, 8.406332518973159e-9, 3.2109098713206663e-10, 0.00010737602860899642, 0.000002148930661860504, 4.565719535776225e-8
0.9949132204055786, 0.004389961715787649, 0.00004107280619791709, 3.879442544985068e-9, 0.0006412803777493536, 0.000002075179963867413, 0.000012440732461982407
0.9954997301101685, 0.00001672475082159508, 0.0018119117012247443, 0.0000012038589147778112, 0.002626903587952256, 0.000022761825675843284, 0.00002077849603665527
0.35491466522216797, 0.005431417375802994, 0.013200128450989723, 0.0019872933626174927, 0.023763125762343407, 0.5732638835906982, 0.0274395439773798
0.5956584811210632, 0.1688779890537262, 0.01325546856969595, 0.06361358612775803, 0.08042025566101074, 0.0778253972530365, 0.00034885137574747205
0.9636075496673584, 0.01692621409893036, 0.00016160424274858087, 0.00008908368909033015, 0.010526910424232483, 0.008673125877976418, 0.000015472278391825967
0.9967119693756104, 0.0024794198106974363, 5.358402290767117e-7, 2.716153630899498e-7, 0.0007575405761599541, 0.00004895316669717431, 0.0000011517223583723535
0.998603343963623, 0.0011725665535777807, 0.000004065680968778906, 2.0574805148498854e-7, 0.00021752953762188554, 0.0000013719869684791774, 8.318440336552158e-7
0.9679355621337891, 0.00002273600512125995, 0.00760388420894742, 0.00000300342640002782, 0.0009983186610043049, 0.023426515981554985, 0.000010074219972011633
0.9999842643737793, 0.000014463145816989709, 5.6511160195782395e-9, 8.71333491470061e-11, 0.000001411537255080475, 5.337898301149835e-8, 1.8246446020775409e-10
0.9998918175697327, 0.000024438139007543214, 1.6802621871647716e-7, 8.203232759740331e-9, 0.00007059323252178729, 0.000013008442692807876, 2.4664718267786157e-8
0.9999675750732422, 0.0000014925806226528948, 0.000008796275324129965, 2.356471684450412e-10, 0.0000020713041521958075, 0.000019898372556781396, 2.5617245569264924e-7
0.9273883104324341, 0.000005435352704807883, 0.0011373796733096242, 8.201952539366175e-8, 5.741097197642375e-7, 0.07145600765943527, 0.000012195933777547907
0.9988667964935303, 0.0000015886668052189634, 0.00007319869473576546, 7.752261055316012e-9, 0.0000021736354938184377, 0.001055738888680935, 6.944671895325882e-7
0.0000554101170564536, 0.00009325081919087097, 0.00019289467309135944, 0.00011934196663787588, 0.000034169388527516276, 1.411699628306451e-7, 0.9995047450065613
0.9997854828834534, 0.000003981455847679172, 0.00008649758092360571, 1.9696224740073376e-7, 0.000006283140464802273, 0.00011650358646875247, 9.690492106528836e-7
0.8475425243377686, 0.0001231571368407458, 0.002475343644618988, 0.00023717375006526709, 0.000012817667084163986, 0.1380341500043869, 0.011575005948543549
0.9995449781417847, 0.00038771904655732214, 0.000024371318431803957, 1.218578091766176e-7, 0.000012849802260461729, 0.000029635079044965096, 2.2889582851348678e-7
0.8254522085189819, 0.17449189722537994, 3.3577575209164934e-7, 5.129902058698121e-10, 0.000052765106374863535, 1.978914632161377e-8, 0.0000029847585665265797
0.975760817527771, 0.02344653196632862, 0.000004584663656714838, 1.1725217774483099e-7, 0.000004583457666740287, 0.0007584650302305818, 0.000024791512259980664
0.9671702980995178, 0.03245948255062103, 8.738633283655872e-8, 4.477773263289464e-9, 2.0334803707555693e-7, 0.00036997348070144653, 1.1401147581580062e-8
0.9987619519233704, 0.00033864876604638994, 0.0003667061391752213, 1.5778912398900502e-8, 0.0000038704815779055934, 0.0005283165955916047, 4.825421910936711e-7
0.9991035461425781, 0.0008886277792043984, 4.978623735496512e-9, 3.720368804693841e-11, 0.000007841350452508777, 1.0107252279567547e-7, 4.981974832674041e-9
0.9996717572212219, 0.00002894878707593307, 7.048967631817504e-8, 1.5257077823349618e-9, 0.0002929517941083759, 0.0000035426373869995587, 0.000002710406988626346
0.9996248483657837, 0.00030640215845778584, 2.0674603717907303e-7, 1.67944724793756e-9, 0.000028916103474330157, 0.000039409402234014124, 3.311096108404854e-8
0.9977093935012817, 0.0014356460887938738, 0.00003123478381894529, 1.0016609053309367e-7, 0.000725262681953609, 0.00009172000136459246, 0.0000065490298766235355
0.9999761581420898, 0.000017850110452855006, 6.041450895111211e-9, 3.141849280741127e-11, 0.0000059554859035415575, 4.097291395055436e-9, 2.693660405839182e-9
0.9987971782684326, 0.0010890066623687744, 0.00005004825652576983, 7.701948412375259e-9, 0.000015643554434063844, 0.00004775036359205842, 3.7810414710293117e-7
0.9999971389770508, 0.0000015726615174571634, 3.035180995425435e-10, 5.0831917613926997e-14, 1.645751868117884e-9, 0.0000012341247384028975, 6.263493612657101e-10
0.9448552131652832, 0.00020404887618497014, 0.000020595623936969787, 9.735102723951172e-10, 0.000002873407538572792, 0.054917193949222565, 4.123544172784932e-9
0.9949437975883484, 0.0008546820026822388, 0.0002803723618853837, 8.5563138796374e-9, 0.00003651283623185009, 0.003884499194100499, 9.359116859286587e-8
0.9982401132583618, 0.00006216629117261618, 0.000018282733435626142, 2.5189283991977618e-9, 0.0000050123053370043635, 0.0016742137959226966, 2.3716577857157972e-7
0.9839372634887695, 0.0010334703838452697, 0.00005160780710866675, 1.9549544560959475e-7, 0.0000015227291214614525, 0.014936585910618305, 0.00003933592597604729
0.8878412842750549, 0.0010438839672133327, 0.0002149299980374053, 5.038729433692879e-9, 0.000030444114599958993, 0.11086945980787277, 3.320784713878311e-8
0.9930096864700317, 0.0008735472219996154, 0.00009211043652612716, 4.280645882204226e-8, 0.00000811028712632833, 0.0060149733908474445, 0.0000017064074882000568
0.9912885427474976, 0.00866752676665783, 4.919637603961746e-7, 3.007571081070637e-9, 6.523348474729573e-7, 0.00004307155904825777, 1.1992268511562543e-8
0.9993984699249268, 0.0004539728397503495, 2.4520781494175026e-7, 3.464550313303505e-10, 1.1811443556553058e-7, 0.00014728924725204706, 2.7703030980319454e-9
0.9998846054077148, 0.00010760667646536604, 1.942405276622594e-7, 1.2360795720312012e-10, 0.0000036450692277867347, 0.0000036860233194602188, 2.0641557796352572e-8
0.1561834216117859, 0.000028269063477637246, 0.00019304863235447556, 0.00024193673743866384, 0.0006508263759315014, 0.8423511385917664, 0.00035137380473315716
0.9929506182670593, 0.000046730259782634676, 0.000008992847142508253, 2.0918120569035636e-9, 4.320290543091687e-7, 0.0069917649962008, 0.0000015047996839712141
0.9557570815086365, 0.00019917005556635559, 0.0003456760023254901, 3.544165183555492e-9, 0.0000011127808647870552, 0.043675292283296585, 0.000021681535145035014
0.9998577237129211, 0.00001870013693405781, 5.494758283930423e-7, 2.4926675834535672e-8, 0.00000231862054533849, 0.00012079728912794963, 5.531391167323818e-8
0.9980828166007996, 0.000005319644060364226, 0.0009084211778827012, 1.0860335208917604e-7, 0.00002105026760546025, 0.0009823221480473876, 5.646843703743798e-8
0.9992550015449524, 0.00001988979784073308, 0.0000013002752439206233, 6.362327331643769e-11, 3.8699192828062223e-7, 0.0007226903107948601, 5.379491199164477e-7
0.8988115191459656, 0.00003574482980184257, 0.0000015200942016235786, 3.133051151849031e-9, 7.2022146468953e-7, 0.10115044564008713, 8.780440263755906e-10
0.946427583694458, 0.0002448114682920277, 0.000002398859351160354, 2.653338704305952e-8, 9.168830956696183e-7, 0.053323615342378616, 6.195154469423869e-7
0.9956144094467163, 0.00013800960732623935, 5.562948217630037e-7, 1.9132990303205588e-8, 0.0000010366164815422962, 0.004246036056429148, 3.6460241492619616e-9
0.9999685883522034, 2.799425544708356e-7, 1.4356120914271742e-7, 5.575974751370616e-11, 1.2008975147637102e-8, 0.00003122654743492603, 4.024051092343939e-10
0.999585747718811, 0.00009976859291782603, 0.00000790317244536709, 1.0375434733589373e-8, 0.0000025129572804871714, 0.0003039187577087432, 4.9163151771836056e-8
0.8332400321960449, 2.1127151228483854e-7, 0.0015816460363566875, 4.5758110189808576e-8, 1.857412001982084e-7, 0.16517800092697144, 7.204271668115325e-8
0.99712735414505, 1.527617001784165e-7, 1.5939474451442948e-7, 8.777909954460483e-9, 9.107579046485625e-8, 0.002872288692742586, 4.241096085433327e-10
0.9642347097396851, 0.00000631093826086726, 3.035814799545733e-8, 5.162450467111057e-10, 4.913904838588223e-9, 0.03575896844267845, 1.06467750171646e-8
0.99993896484375, 0.00000268014014181972, 7.230206051644927e-7, 2.3261373729988044e-11, 1.600353840558455e-7, 0.00005758622501161881, 6.580170852643619e-10
0.9920899868011475, 0.00010354514233767986, 0.000004994379196432419, 1.58289115148591e-8, 0.00001494898879172979, 0.00778598478063941, 5.001396061743435e-7
0.9979260563850403, 0.00015341419202741235, 0.00007675593951717019, 0.00014764330990146846, 0.0006629448034800589, 0.0010081680957227945, 0.00002499701440683566
0.9994975328445435, 0.0004902926739305258, 0.00000485906321046059, 2.850320812708418e-10, 0.0000047531334530503955, 0.0000023757500002830056, 2.1905178115844137e-8
0.9980546236038208, 0.0009615399758331478, 0.000004921894742437871, 2.017368494477978e-8, 0.0004025640955660492, 0.0005762079963460565, 1.9594749289808533e-7
0.9999198913574219, 0.00006384443258866668, 4.2568186131575203e-7, 7.822931191725502e-10, 0.000015500902009080164, 1.6211807007948664e-7, 1.1725528992201362e-8
0.9986196160316467, 0.0003837355470750481, 0.0000037813913422724, 1.918940784051415e-9, 0.000003736288817890454, 0.0009891483932733536, 1.3618004501836367e-8
0.9999780654907227, 0.00001616763802303467, 7.15077277391174e-8, 1.0220394530691124e-9, 6.047899319128192e-7, 0.0000047196886043821, 7.123352219196022e-8
0.9999842643737793, 0.000008887699550541583, 2.877886551289066e-8, 1.624772816288811e-10, 9.758721830621653e-8, 0.000006738424872310134, 2.8918498706786977e-9
0.9999046325683594, 0.00006478132854681462, 0.0000012788062804247602, 2.0978802028892574e-10, 0.0000010101067573486944, 0.00002831858910212759, 6.3487397561345915e-9
0.9624626040458679, 0.0005543571896851063, 0.00029229139909148216, 1.012957984158902e-8, 0.000008331273420481011, 0.03668232262134552, 3.96648314193726e-9
0.9607236981391907, 0.0005482479464262724, 0.000021285666662151925, 1.9455664812539908e-7, 0.0000034423876513756113, 0.038702595978975296, 4.3093834278806753e-7
0.9998593330383301, 0.00009372438216814771, 7.374455179842698e-8, 2.030595483426545e-11, 1.5295571031970212e-8, 0.00004713244197773747, 6.019000853285661e-10
0.9938167929649353, 0.0000013844245358995977, 0.0001617885282030329, 1.2735507937122748e-7, 0.0000016140354546223534, 0.006018125452101231, 2.564937240379095e-8
0.9976722002029419, 4.783588565260288e-7, 0.0000011589961559366202, 2.1710478748104833e-8, 2.7353249265615887e-7, 0.002325835172086954, 2.5382439261534273e-8
0.7775915265083313, 0.0002021110849454999, 0.000009312288057117257, 1.72297447420533e-8, 0.0000018117862055078149, 0.22218969464302063, 0.000005694275841960916
0.3999005854129791, 0.5939379930496216, 0.00002597179809527006, 2.0122834953895108e-8, 0.000012343514754320495, 0.006123001221567392, 1.1017622369990931e-7
0.29374513030052185, 0.12012575566768646, 0.000002616040319480817, 3.090860047905153e-7, 0.000034662032703636214, 0.5860908031463623, 7.0726594003645e-7
0.9956154823303223, 0.0007501678774133325, 0.000007492817985621514, 9.936534297594335e-7, 0.00006006808689562604, 0.0035648576449602842, 9.062333106157894e-7
0.9998679161071777, 0.0000022519807316712104, 0.000023637239792151377, 1.4169258655272188e-8, 0.000006871680398035096, 0.00009945805504685268, 8.303070453408168e-10
0.43217167258262634, 0.5451585054397583, 0.00422112038359046, 0.00013347610365599394, 0.0028901402838528156, 0.0032245218753814697, 0.012200665660202503
0.8965968489646912, 0.10325830429792404, 0.000003533651579346042, 2.2912685082587814e-8, 0.0000023822951789043145, 0.00013757566921412945, 0.0000012975431218364974
0.4348158836364746, 0.21381232142448425, 0.00018460048886481673, 2.5849817841816503e-9, 0.000011268436537648086, 0.35117584466934204, 1.0210426637513592e-7
0.9942353367805481, 0.005193847231566906, 0.0000019244562281528488, 1.2270703564354335e-7, 0.000002419377324258676, 0.0005663717747665942, 5.8650666545645436e-8
0.9974533915519714, 0.0019256876548752189, 0.000004189651008346118, 7.833435233806085e-8, 0.000005657214842358371, 0.0006111141410656273, 3.253319391660625e-8
0.998054027557373, 0.00021368391753640026, 0.000003176577592967078, 4.0069403439702e-7, 0.0000012957516446476802, 0.001727418159134686, 1.4810598969461353e-8
0.998257040977478, 0.0013592782197520137, 0.0000012781200666722725, 1.5139331566160763e-8, 0.000008054476893448737, 0.00037430174415931106, 1.9308096455006307e-8
0.9851547479629517, 0.0029958137311041355, 0.000004551688562060008, 3.9487557046413713e-7, 0.000005171035809325986, 0.01183922216296196, 1.7309264421783155e-7
0.9992015957832336, 0.00020007752755191177, 0.00009068168583326042, 3.694942662946232e-8, 0.000027870561098097824, 0.000479658308904618, 4.904363848368121e-8
0.9633364677429199, 0.0011771360877901316, 0.033957138657569885, 0.000006277685315581039, 0.00020910732564516366, 0.0012432230869308114, 0.00007083592936396599
0.019340038299560547, 0.00002300033338542562, 0.0017234397819265723, 7.846505667430392e-8, 0.000008716109732631594, 0.9783838987350464, 0.0005208831862546504
0.9999737739562988, 0.0000023130789941205876, 2.4051473701547366e-8, 1.0985364007343179e-10, 2.379946906216901e-8, 0.000023950202375999652, 2.958355227455911e-10
0.9877259135246277, 0.00001953962055267766, 5.846099497830437e-7, 3.705239919327141e-7, 1.5314732593196823e-7, 0.012253119610249996, 3.408252098324738e-7
0.9997944831848145, 0.0000039775995901436545, 6.940845054259626e-8, 4.018251009707541e-10, 1.2390358961056336e-7, 0.00020152328943368047, 7.806772117646688e-9
0.9999027252197266, 0.00004548935976345092, 0.000001845759811658354, 2.0551646495725606e-10, 2.7691896775650093e-7, 0.00004982751124771312, 3.128125669604742e-8
0.999880313873291, 0.00010605933493934572, 8.74192732092105e-11, 2.3451154212983383e-11, 3.928489888949116e-8, 0.000013620342542708386, 7.791439715632009e-10
0.9968749284744263, 0.00014047857257537544, 0.00013704477169085294, 1.6708144201516006e-8, 0.001860776450484991, 0.0009867425542324781, 6.336396296546809e-8
0.9999933838844299, 6.637890805905045e-7, 2.8829438836197596e-9, 6.6461551539998e-11, 0.000003847731932182796, 0.0000020309814772190293, 1.0525741167555225e-8
0.9999895691871643, 0.0000042439332901267335, 0.0000010792489320010645, 3.3938414578660314e-11, 0.0000013264552762848325, 0.0000039415317587554455, 1.2819008354814088e-10
0.9997993111610413, 8.556380635127425e-7, 0.00013637026131618768, 1.7441857735889243e-8, 0.000026980063921655528, 0.000036568417272064835, 5.655876833543516e-8
0.9999923706054688, 0.0000022176725451572565, 0.000002641867922648089, 4.94941310158481e-10, 0.000001331302541984769, 0.00000129254021885572, 7.544508129342375e-9
0.9999809861183167, 0.000001870932464953512, 0.0000016482731552969199, 2.0470185546628272e-9, 0.00001085357325791847, 0.0000047174057726806495, 2.924108954971416e-8
0.999671995639801, 0.000188988953595981, 0.00006893609679536894, 2.619951828819467e-7, 0.00003250887675676495, 0.000036320976505521685, 0.000001116636099141033
0.9999976754188538, 6.551688898071006e-7, 7.063772500259802e-7, 2.9963553860312686e-9, 8.004573146536131e-7, 2.44342146515919e-7, 2.6096467209413277e-9