0.9999828934669495, 2.8290489240134775e-7, 0.0000022861788693262497, 1.1948844691467286e-12, 1.0926338944727831e-7, 0.000014431668205361348, 9.260333055927106e-10
0.9999990463256836, 4.567053508708341e-7, 3.4940441651087895e-8, 1.6737530957565416e-13, 6.197997493018192e-8, 4.7379069201269886e-7, 2.453362513143986e-10
0.9999980926513672, 0.0000012005672260784195, 1.0919739423798092e-7, 3.9154966703820737e-13, 5.503599140865845e-7, 3.408919013736522e-8, 2.691492584361299e-10
0.99997478723526, 0.00002403185862931423, 5.56591999156808e-7, 1.2635988609621673e-11, 2.7926682832912775e-7, 1.410438557059024e-7, 1.965850415786008e-8
0.9995045065879822, 7.286236609616026e-7, 0.00005318736657500267, 2.991621173009662e-9, 0.00003154707883368246, 0.0004096770426258445, 5.265841878099309e-7
0.9999209046363831, 3.9386461025969766e-7, 0.00002846750066964887, 2.633029072551807e-10, 0.00001307479033130221, 0.000036964691389584914, 1.3932361753177247e-7
0.9941928386688232, 0.000006292925263551297, 0.0001081783848349005, 3.1512296772007176e-8, 0.0000740871109883301, 0.005616717506200075, 0.0000018647095885171439
0.9985700249671936, 0.00024721273803152144, 0.0009023727616295218, 0.0000012947790537509718, 0.000057435794587945566, 0.0002215180138591677, 2.8809432706111693e-7
0.9997888207435608, 0.000005568429514823947, 0.000009063302968570497, 3.0540547868440626e-8, 0.0001223553263116628, 0.00007385743083432317, 2.7687502779372153e-7
0.999971866607666, 0.00000629865189694101, 0.00001380796038574772, 7.842834714999469e-10, 0.0000015200419056782266, 0.000006290870715019992, 2.4747387783463637e-7
0.9999089241027832, 0.000036153967812424526, 0.000002463707915012492, 4.504402628668913e-9, 0.000046831719373585656, 0.0000056349481383222155, 5.046862483482073e-8
0.9992573857307434, 0.0000018496414213586831, 0.00008994832023745403, 5.970576255620585e-10, 0.00000734515697331517, 0.0006434008828364313, 2.0136671707859932e-7
0.9999876022338867, 2.5014784910126764e-7, 0.0000014259536555982777, 5.42705359818374e-11, 0.0000027221497020946117, 0.000008281603186333086, 1.651573633409953e-8
0.9855859875679016, 0.000002009103809541557, 0.01414266973733902, 2.1537323313669532e-10, 0.0000077597451308975, 0.0002596637059468776, 0.0000019621422779891873
0.9872590899467468, 0.00007870394620113075, 0.005191331263631582, 0.0000015491490330532542, 0.006268505472689867, 0.001195451128296554, 0.000005481922016770113
0.9966358542442322, 0.000021911371732130647, 0.000009181506356981117, 1.2561931495014278e-9, 9.060428283191868e-7, 0.0033320770598948, 7.885002872853875e-8
0.9544456005096436, 0.00008618852007202804, 0.00002923476495197974, 1.9620882696358422e-10, 1.5376123485566495e-7, 0.04543868079781532, 2.2509865971187537e-7
0.9997335076332092, 0.00015150541730690747, 0.000001287069949285069, 1.8046245053859877e-11, 9.930519127010484e-7, 0.00011258689482929185, 1.156551854286647e-9
0.9999632835388184, 0.000027869289624504745, 0.000004756288944918197, 6.881910319389561e-11, 0.0000028911840672662947, 9.64192963692767e-7, 5.736719899118725e-8
0.9999914765357971, 0.000001472574354011158, 1.377836582605596e-7, 1.5850294167452095e-12, 7.449880712329104e-8, 0.0000074083632171095815, 1.792777148956759e-9
0.03412966802716255, 0.9658641815185547, 4.85399809235787e-9, 3.5619118765595204e-11, 1.6111958700548712e-7, 0.0000060223824220884126, 1.8274642910043326e-10
0.7818552851676941, 0.0051263971254229546, 0.0005693706916645169, 0.000006227854555618251, 0.0020157003309577703, 0.21040020883083344, 0.000026820913262781687
0.9712286591529846, 0.02752784825861454, 0.000005955068445473444, 6.320407237581094e-7, 0.00046868910430930555, 0.0007668762118555605, 0.0000014144794704407104
0.9903126358985901, 0.009586670435965061, 0.0000016745007087592967, 6.810414987512559e-8, 0.0000045679712457058486, 0.00009430845238966867, 2.8179957212159934e-7
0.9441875219345093, 0.0020370788406580687, 0.003301596501842141, 0.000002340301534786704, 0.00004601970431394875, 0.04998071864247322, 0.000444757315563038
0.9980455040931702, 0.0019229019526392221, 0.0000010259558393954649, 3.929923497736354e-9, 0.000029958020604681224, 6.927698450454045e-7, 2.4290885747291213e-8
0.999754011631012, 0.00014698821178171784, 0.000001647294993745163, 5.53391510393908e-9, 0.00008958783291745931, 0.0000079490382631775, 1.4724732544380004e-8
0.9968782663345337, 0.0030181678012013435, 0.000036785699194297194, 5.758049148596456e-9, 0.00006470266089309007, 0.000001760004238349211, 2.1689592699658533e-7
0.9996834993362427, 0.000289377843728289, 0.0000037374202292994596, 1.4569933037833493e-9, 0.00002117867552442476, 0.0000024589569420641055, 1.9375246296249315e-8
0.9999666810035706, 9.619609500077786e-7, 1.1112270215107856e-7, 4.5110182950169886e-11, 0.000031674269848736, 4.956078214490844e-7, 4.1256224131425157e-11
0.9949386119842529, 0.0001900151401059702, 0.0006741288816556334, 6.80218121829057e-8, 0.000004740745225717546, 0.0041922894306480885, 2.675969312804227e-7
0.9732071161270142, 0.019277114421129227, 0.004844541661441326, 0.000048754205636214465, 0.00023988813336472958, 0.002377100521698594, 0.00000542706629858003
0.9993088841438293, 0.0006628747214563191, 0.000003889476829499472, 1.0568634162266832e-10, 3.9752498537382053e-7, 0.000022000966055202298, 0.0000019553654055926017
0.9999279975891113, 0.00006320882675936446, 0.0000018370662928646198, 2.7991336679078493e-11, 3.521465785638611e-8, 0.000006839622528787004, 2.5753959675967053e-7
0.9999790787696838, 0.000017505904907011427, 0.0000010318049135094043, 5.177837325565093e-12, 1.6003242819806474e-7, 0.0000019235378658777336, 8.98773677704412e-9
0.999727725982666, 0.000015770776371937245, 0.000007276061296579428, 6.080699832544667e-10, 1.4369831546900969e-7, 0.0002488195605110377, 3.384726880995004e-7
0.9999971389770508, 7.141522928577615e-7, 0.0000011114972267023404, 1.741930059397101e-12, 2.5648525525667765e-9, 0.0000010272425470247981, 2.4037931645182198e-9
0.9999861717224121, 0.000001138065044870018, 1.5349313287060795e-7, 5.659744339858719e-10, 0.0000028757069685525494, 0.0000097036700026365, 1.889106648889083e-8
0.9999904632568359, 8.009251928342564e-7, 4.728645421891997e-7, 1.5278009760089084e-11, 0.000003507683913994697, 0.00000479134860142949, 1.7747084912755895e-9
0.999995231628418, 3.9624833902962564e-7, 9.103654292630381e-7, 6.416482362797682e-12, 6.322521812762716e-7, 0.0000030091218832239974, 8.052114530698873e-9
0.9999080300331116, 0.000026497995349927805, 0.000036482993891695514, 2.6704349842532338e-9, 0.000008628024261270184, 0.00002055363802355714, 2.2992492176854284e-7
0.9998588562011719, 0.000002869121999538038, 0.00001943395363923628, 2.0697743519093592e-9, 0.000031735762604512274, 0.00008699444879312068, 1.457831189100034e-7
0.9999909400939941, 0.000005849199624208268, 8.600384262535954e-7, 4.4752637706757525e-10, 0.000001308001174038509, 0.0000013566572079071193, 2.983571434356236e-8
0.9997944831848145, 0.00005971932114334777, 0.000010896692401729524, 2.7366525712224643e-10, 0.000004213286047161091, 0.00013050671259406954, 3.042279388409952e-7
0.9999423027038574, 0.00005664923446602188, 4.395894137587675e-8, 9.265906184691142e-13, 0.0000011112196034446242, 1.8527252620970103e-7, 3.437171880449341e-9
0.9981064200401306, 0.0018268151907250285, 0.000005774995770480018, 7.469082990985143e-11, 0.000002542660240578698, 0.00005329530540620908, 0.000005128673819854157
0.999977171421051, 0.0000199984588107327, 1.808603400377251e-7, 1.8782787825077918e-11, 0.0000011729326843124, 0.0000013327677379493252, 7.207426211408574e-9
0.9988291263580322, 0.0000023070806491887197, 0.000016131330994539894, 1.235834434787364e-9, 0.000013666501217812765, 0.001138094230554998, 7.20508126050845e-7
0.9999713897705078, 0.000011733372957678512, 0.0000046037112042540684, 1.0972300845679683e-10, 5.156072120371391e-7, 0.000011200174412806518, 8.473784305351728e-7
0.9999914765357971, 0.000006358491191349458, 6.364698634797605e-8, 1.587166162386744e-11, 2.883218108706842e-8, 0.0000022789604372519534, 1.0078631262899762e-9
0.9992311596870422, 4.961827357874427e-7, 0.00006816990207880735, 2.3878263810672706e-9, 0.00008480042743030936, 0.000615252647548914, 1.65992034339979e-7
0.9999985694885254, 2.4752330318733584e-7, 4.495745997701306e-8, 3.5064839486870225e-12, 8.381640981269811e-8, 9.890595720207784e-7, 1.0970182096059489e-8
0.9833260774612427, 1.929449489068702e-8, 0.0006547332741320133, 1.4521606139794585e-9, 0.00004394768984639086, 0.015975262969732285, 2.3791447034682278e-8
0.9997144341468811, 8.902011927602871e-7, 0.0000014124836980045075, 1.4905812695253928e-10, 4.566992970467254e-7, 0.00028275453951209784, 2.9199753726061317e-8
0.548233151435852, 0.007796501740813255, 0.0010063742520287633, 0.000001895613763736037, 0.000010372908946010284, 0.44293180108070374, 0.000019912346033379436
0.36700934171676636, 0.0006831149803474545, 0.00041299182339571416, 0.00002412760295555927, 0.00000782907591201365, 0.6318617463111877, 8.632987942291948e-7
0.9996638894081116, 0.000040612892917124555, 0.0001357347791781649, 9.768997832892978e-10, 2.0571460979113e-8, 0.0001594906352693215, 3.2663604088156717e-7
0.9984510540962219, 0.000008681458893988747, 0.00004667996472562663, 3.1041123005337568e-9, 0.000003810750285992981, 0.0014898774679750204, 6.009570174825285e-9
0.9999847412109375, 3.1192715965744355e-8, 0.000011916090443264693, 3.534227077661711e-11, 5.89274350204505e-7, 0.000002629873279147432, 1.3005556631640047e-9
0.9999961853027344, 0.0000017901147657539696, 2.646766006364487e-8, 2.9228767843558767e-13, 6.545542774460955e-9, 0.000002462584461682127, 8.341612955931055e-10
0.9997091889381409, 8.222711471717048e-7, 0.0000015978929468474234, 3.5090294558948187e-10, 8.998139264804195e-7, 0.00028742337599396706, 1.0758228796703406e-7
0.9970988631248474, 7.782513478105102e-8, 0.000006080859293433605, 1.3313395941239037e-9, 0.0000045898004827904515, 0.0028904899954795837, 6.250422757148044e-8
0.9947249293327332, 4.768459689330484e-7, 0.000004455521320778644, 8.153636654739671e-10, 0.000003537138354658964, 0.00526663800701499, 1.8001847479354183e-7
0.9999790787696838, 7.535645885070608e-9, 8.350891107511416e-7, 1.9366440742740743e-11, 1.6581326178766176e-7, 0.00001991575481952168, 1.1194921656354495e-9
0.9992120862007141, 1.0957368345998475e-8, 0.00001720093860058114, 4.92863527767895e-11, 1.3526991438084224e-7, 0.0007706352043896914, 1.2251301306775986e-8
0.9997835755348206, 2.400318805939605e-7, 0.000010914093763858546, 6.955304387989969e-11, 0.000002020774445554707, 0.00020293508714530617, 7.341303387420339e-8
0.9995390176773071, 0.00006542405026266351, 0.00020525220315903425, 2.3398474269242797e-9, 0.000009823093023442198, 0.00017888369620777667, 0.000001663679313423927
0.9989746809005737, 0.000012431723007466644, 0.0007364983321167529, 1.6323989271427308e-8, 0.000020634175598388538, 0.00023166363826021552, 0.000024123552066157572
0.9999508857727051, 5.251874313216831e-7, 0.00003378670589881949, 1.3393654241244946e-11, 1.6550860948427726e-7, 0.000014547140381182544, 3.242215598220355e-7
0.9999008178710938, 7.178734335866466e-7, 0.00004910903226118535, 2.3491522616048144e-10, 5.946194505668245e-7, 0.00004836477091885172, 2.7609206654233276e-7
0.9998774528503418, 3.9612316982129414e-7, 0.000021446392565849237, 5.4766136070583116e-11, 3.4113759284082334e-7, 0.0000999283220153302, 6.14181146829651e-7
0.9994475245475769, 7.488669950816984e-8, 0.00006508947990369052, 4.000440811946504e-10, 6.001138217470725e-7, 0.00048648862866684794, 3.919727191714628e-7
0.6613708138465881, 0.00003281459794379771, 0.33543431758880615, 1.881422377891795e-7, 0.00024693034356459975, 0.0008461244869977236, 0.002068672562018037
0.3826809823513031, 0.0021627796813845634, 0.41412675380706787, 0.16684357821941376, 0.032353777438402176, 0.001553338603116572, 0.00027892342768609524
0.9997949600219727, 0.0000017766989230949548, 8.959808894815069e-8, 1.6634355004541135e-10, 0.000001022052856569644, 0.00020185647008474916, 2.1146771833624456e-10
0.9997115731239319, 0.00005421071546152234, 0.00003546433072187938, 2.4160469180856126e-9, 0.0000014827701306785457, 0.00019741218420676887, 1.5973375511180166e-8
0.9044681787490845, 0.0060595073737204075, 0.04441824182868004, 0.014084612019360065, 0.02962799370288849, 0.0003550565743353218, 0.0009864137973636389
0.6356316208839417, 0.22860634326934814, 0.008277649991214275, 0.0004680862766690552, 0.11497688293457031, 0.011448250152170658, 0.0005912024644203484
0.9940022826194763, 0.005029922351241112, 4.318680524306728e-8, 1.1349670335503159e-11, 0.000013294433301780373, 0.0009545527282170951, 1.5615464477036767e-10
0.99993896484375, 0.00004070865907124244, 3.8455809203696845e-7, 1.5673233544344356e-11, 0.0000020691584268206498, 0.000017905502318171784, 4.681136367423733e-9
0.9989944100379944, 0.0000026709997200669022, 0.00046723862760700285, 4.727577218588408e-10, 0.0000013966367760076537, 0.0005339072085916996, 4.455415876236657e-7
0.9999089241027832, 3.864837339051519e-10, 0.000009779786523722578, 4.914944840006541e-11, 2.8199710300214065e-7, 0.00008132657239912078, 4.858036750654549e-10
0.9985164999961853, 5.221274523847796e-10, 0.0004337298742029816, 6.268199848058487e-11, 1.4474107956630178e-7, 0.001049686106853187, 1.2077503441787485e-8
0.9999446868896484, 0.0000016513987475264003, 0.00004165523569099605, 1.6966537896845324e-10, 9.043698128152755e-7, 0.000010986159395542927, 1.6620613507711823e-7
0.9998898506164551, 0.000005095253527542809, 0.00005223389598540962, 8.929158523685032e-10, 0.000006819595455453964, 0.00004589560558088124, 1.317196876016169e-7
0.9925554394721985, 2.2786594833235085e-9, 0.00005622100434266031, 8.096093934151227e-11, 2.3134552407100273e-7, 0.007388256955891848, 3.077620291946914e-8
0.9997382164001465, 0.0000013189097671784111, 0.00014491472393274307, 6.253366574560104e-11, 0.0000019725462152564432, 0.00011276148143224418, 9.332488843938336e-7
0.9110787510871887, 0.023266930133104324, 0.00033318306668661535, 6.704214072783543e-9, 0.000045897333620814607, 0.06527245789766312, 0.0000029023860861343564
0.9954017400741577, 0.000002675350287972833, 0.0001211429771501571, 8.607550938677377e-8, 0.00007399925380013883, 0.004399603698402643, 7.945014885990531e-7
0.9997931122779846, 0.000008533605068805628, 0.000005069103281130083, 4.3622634393614135e-9, 0.00004170201646047644, 0.00015164789510890841, 8.712204646599275e-8
0.9819188714027405, 0.000049255464546149597, 0.001338111818768084, 8.443311827477373e-8, 0.00015668752894271165, 0.016536744311451912, 2.5535413783472904e-7
0.36548539996147156, 0.0010045119561254978, 0.0012567326193675399, 0.000026303478080080822, 0.000005070282895758282, 0.6322147846221924, 0.000007220519819384208
0.9208716750144958, 0.0005332677392289042, 0.00013573361502494663, 7.249061582115246e-7, 0.00003743445631698705, 0.07840929925441742, 0.000012028978744638152
0.9673817753791809, 1.2127937054629e-7, 0.00012696662452071905, 7.802675727752728e-10, 7.642256036888284e-7, 0.03249000757932663, 3.71281601019291e-7
0.9999046325683594, 0.00000388060107070487, 0.00006316768849501386, 1.0754433454884804e-10, 4.0298695580531785e-7, 0.000027569554731599055, 1.7747012748259294e-7
0.9999842643737793, 3.852450802810381e-8, 3.1109195219869434e-7, 3.787701489260664e-12, 4.293511679520634e-8, 0.00001561688623041846, 4.1480459067599895e-9
0.9999294281005859, 4.362217254083589e-8, 0.0000013222584129835013, 5.3744165368074803e-11, 2.6469200520296e-7, 0.00006905335612827912, 1.5013222309789853e-7
0.9999423027038574, 2.9127114942184562e-8, 0.000002581668468337739, 1.7242961225516495e-10, 8.722196866983722e-7, 0.0000545113070984371, 1.0403111261325648e-8
0.9998937249183655, 0.0000026994462132279295, 0.0000280405547528062, 3.821088168098896e-10, 0.0000014418185401154915, 0.00007425920193782076, 1.2038191243846086e-7
0.9999852776527405, 0.0000019739159142773133, 0.000004883245765086031, 1.9261975348072724e-10, 0.0000023292757305171108, 0.0000057432835092186, 8.598247092095335e-8
0.999356746673584, 5.053479412708839e-9, 0.0000126991735669435, 2.0962166724647346e-10, 8.91252796009212e-7, 0.0006295433267951012, 9.29852284059507e-9
0.9999985694885254, 8.607744206301504e-8, 4.291009148005287e-8, 6.234438312824331e-12, 1.1861393289791522e-7, 0.0000012589662219397724, 4.791520513691694e-10
0.999931812286377, 8.95726202543301e-7, 0.00004031550633953884, 7.901272691679395e-11, 2.880314866615663e-7, 0.000026587178581394255, 3.2455997001079595e-8
0.9999147057533264, 6.5261178683329035e-9, 1.4148760385523929e-7, 2.105376853758778e-12, 2.004588317561229e-8, 0.0000853909514262341, 5.382579271184795e-9
0.9999899864196777, 0.000006701262464048341, 0.000002686610969249159, 7.42490704336296e-12, 2.4747879479036783e-7, 5.021963147555653e-7, 2.621389683099551e-8
0.9999837875366211, 0.0000061576902226079255, 0.000006539832611451857, 8.544614321648325e-11, 6.551342153215955e-7, 0.0000028488361749623436, 5.001819758376769e-8
0.9999480247497559, 9.50369170027443e-8, 0.000019842744222842157, 3.8793863954555974e-11, 2.4317330371559365e-7, 0.00003164844383718446, 3.457654074168204e-8
0.9999918937683105, 4.142324261380281e-9, 2.348596126466873e-7, 2.9189877511631712e-12, 8.905885096055499e-8, 0.000008016847459657583, 3.421629923838765e-10
0.993740975856781, 5.004412173548189e-7, 0.00017195355030708015, 2.9779398502682852e-8, 0.000007813420779712033, 0.006077900528907776, 9.790304602574906e-7
0.9998095035552979, 0.00000551666016690433, 0.0000025598790216463385, 1.123943960124052e-8, 0.000052153955039102584, 0.00013019866310060024, 2.595470505184494e-7
0.9988071918487549, 0.000025140172510873526, 0.0000015125045820241212, 8.449297927981547e-10, 0.000003919835762644652, 0.001159705687314272, 0.0000024651219519000733
0.9998841285705566, 1.6162394089747067e-8, 1.3586640079665813e-7, 3.084374552639324e-12, 7.363261147474987e-7, 0.0001149279487435706, 1.2198145826758378e-9
0.9997888207435608, 0.00011140732385683805, 0.000006362477051879978, 2.905000962005744e-10, 0.000012139453247073106, 0.00008061373955570161, 6.271314987316146e-7
0.9993427395820618, 0.000025969153284677304, 0.00011943327990593389, 4.671356079732902e-10, 0.0000011811973763542483, 0.000510455050971359, 1.7881279745779466e-7
0.9999976754188538, 3.514837487728073e-7, 9.64880314313632e-7, 6.816532061026948e-11, 7.585653634123446e-7, 4.1481931134512706e-7, 9.35256205814028e-10
0.999946117401123, 0.000025774377718335018, 0.000004885505859419936, 9.12392161822595e-10, 0.000008479107236780692, 0.000014486263353319373, 7.598934104180444e-8
0.9989719986915588, 3.6831983152296743e-7, 0.000041224044252885506, 5.059823671160757e-9, 0.0000176103876583511, 0.0009686826961115003, 1.4054165831112186e-7
0.9973223209381104, 7.373948278655007e-7, 0.0016522371442988515, 1.001408178602503e-9, 0.0000013345096476768958, 0.0010224763536825776, 8.662324830766011e-7
0.9971076846122742, 4.20764187936129e-8, 0.000028214362828293815, 8.548511232220335e-9, 0.000004056135367136449, 0.0028599624056369066, 1.435156633533552e-7
0.9997387528419495, 0.00001535364572191611, 0.000058695415646070614, 1.679251848685226e-9, 0.00001926832555909641, 0.00016646075528115034, 0.0000015151043726291391
0.9999732971191406, 0.0000010241520840281737, 0.0000027027422220271546, 6.571972827051908e-11, 0.0000037030260955361882, 0.000019392758986214176, 1.293227480658743e-8
0.8977365493774414, 0.0000026309687655157177, 0.0003907040518242866, 5.103559885810682e-8, 0.00002724949263210874, 0.10183802992105484, 0.000004678709956351668
0.9999384880065918, 5.0676028706675424e-8, 3.6338775544209057e-7, 7.20583523405871e-11, 4.774004764840356e-7, 0.000060566926549654454, 1.2120115577829438e-8
0.9973509311676025, 0.0000013073458831058815, 0.00008352994336746633, 5.778517664367655e-10, 0.0000034135957776015857, 0.002560552442446351, 1.360578352205266e-7
0.9983941316604614, 8.114641900647257e-7, 0.0005546346656046808, 1.2807436888806478e-8, 0.000005323640380083816, 0.001044452772475779, 6.366608431562781e-7
0.99900221824646, 3.9388908135151723e-7, 0.00025680888211354613, 3.5913849671942444e-9, 0.000009584597137290984, 0.0007308864733204246, 1.4301903661362303e-7
0.9945188760757446, 6.913534775776498e-7, 0.0007526588742621243, 6.2440803638708076e-9, 0.000028325795938144438, 0.004697537515312433, 0.000001804595399335085
0.9998302459716797, 0.0000010624150945659494, 0.00004332198659540154, 4.914060824923183e-10, 0.000011924884347536135, 0.00011334206647006795, 6.436251709374119e-8
0.990267276763916, 0.000001662280965319951, 0.0006970089743845165, 6.1292473318985685e-9, 0.000014297195775725413, 0.009017862379550934, 0.0000020117245185247157
0.9736743569374084, 3.2244670933323505e-7, 0.0024259428028017282, 1.736186483469737e-8, 0.000006005241175444098, 0.02388913370668888, 0.000004160573098488385
0.9999099373817444, 0.0000028222534638189245, 0.0000295569006993901, 1.2414348715683587e-10, 0.000006832780854892917, 0.00005062880882178433, 9.360811503711375e-8
0.9999237060546875, 0.0000069317379711719695, 0.0000516094769409392, 4.939927356062412e-10, 0.000003660697075247299, 0.000014356310202856548, 3.361568801096837e-8
0.9988986253738403, 0.000001650405692998902, 0.00024733334430493414, 1.261800774976507e-9, 0.0000033210958463314455, 0.0008476853254251182, 0.0000014372756140801357
0.9995514154434204, 1.884501728000032e-7, 0.000054182626627152786, 1.482833161814412e-10, 0.00000515234478370985, 0.00038885275716893375, 6.558353504715342e-8
0.8008167147636414, 4.2591828730564885e-8, 0.002110030734911561, 9.388289257117322e-9, 0.00001604548560862895, 0.1970553994178772, 0.000001856189442150935
0.9976764917373657, 0.0000017368452063237783, 0.0004967221757397056, 5.300990757461932e-9, 0.000027137502911500633, 0.0017960635013878345, 0.0000017907491383084562
0.998344898223877, 0.000004292495304980548, 0.0015189810656011105, 8.477180624133496e-10, 0.0000069587058533215895, 0.00012304728443268687, 0.0000018550167624198366
0.9990527629852295, 0.000006396026492438978, 0.0003698653890751302, 3.247762947466981e-9, 0.000005591830358753214, 0.000564352551009506, 9.56385179051722e-7
0.9888425469398499, 0.000006847955773991998, 0.0025665818247944117, 1.2341036637053548e-8, 0.0000071925846896192525, 0.008564768359065056, 0.000012040498404530808
0.9538789987564087, 3.3375667385371344e-7, 0.00011782260844483972, 3.089610345341498e-9, 0.0000035478117297316203, 0.04599877446889877, 4.528220358679391e-7
0.9985869526863098, 0.00001291411081183469, 0.00021019800624344498, 1.3054255454392205e-9, 0.00003014274079760071, 0.0011593515519052744, 5.143626253811817e-7
0.9509685039520264, 4.773178297057257e-9, 0.000015528879885096103, 1.8541345542244514e-11, 0.00000472254123451421, 0.04901129752397537, 3.8086557907490715e-8
0.9998183846473694, 1.379068521600857e-7, 0.000003448213419687818, 3.6884568316297717e-11, 0.000009584470717527438, 0.00016859940660651773, 1.4817081783746744e-8
0.9956761598587036, 0.00000965648541750852, 0.00008698456076672301, 4.275120701890955e-9, 0.000028571566872415133, 0.004197863396257162, 6.841684694336436e-7
0.9845209121704102, 0.000056551656598458067, 0.00005885272548766807, 1.658959497552459e-10, 0.0000014949681599318865, 0.015362205915153027, 6.685573339382245e-8
0.9956910610198975, 0.00001542582322144881, 0.00018819655815605074, 4.311236256882012e-9, 0.00005732230783905834, 0.004045166075229645, 0.000002917100573540665
0.9925286769866943, 0.00003244035178795457, 0.00001007432638289174, 5.832659688564945e-9, 0.000045800927182426676, 0.00738147646188736, 0.0000015916184565867297
0.9984781742095947, 0.000020891624444629997, 0.0000343448446074035, 8.089833869462382e-8, 0.00022057116439100355, 0.0012456622207537293, 1.10120303986605e-7
0.9998913407325745, 0.000009095557288674172, 0.00003533775088726543, 1.7383272599147404e-10, 0.000009378636605106294, 0.00005443525515147485, 7.185437880252721e-7
0.7874616980552673, 0.03622547909617424, 0.10662172734737396, 0.003110599936917424, 0.00125118566211313, 0.06529225409030914, 0.000037047913792775944
0.8923948407173157, 0.00022979405184742063, 0.000019665038053062744, 3.4791050040894334e-8, 0.00003059908704017289, 0.10732387006282806, 0.0000013271376246848376
0.9998636245727539, 0.0000052831210268777795, 0.000002156532673325273, 1.374906966056244e-9, 0.000024119772206177004, 0.00009981021867133677, 0.000005128883913130267
0.9997901916503906, 0.000003863334768539062, 0.0000190538903552806, 1.7797083806669889e-9, 0.000010073088560602628, 0.00017689817468635738, 1.229606994002097e-7
0.9999266266822815, 0.000008551528480893467, 0.000011828694368887227, 5.489959153948121e-9, 0.00004770966188516468, 0.0000047369358071591705, 5.56655322725419e-7
0.9996054768562317, 0.000002816468622768298, 0.00001850880289566703, 2.2674171873404703e-8, 0.00009840197890298441, 0.0002746783138718456, 9.513345844425203e-8
0.9980354905128479, 6.319229441942298e-7, 0.000569754745811224, 9.77861134288105e-8, 0.00001807331500458531, 0.0013539030915126204, 0.000021996705982019193
0.9977580308914185, 9.849439948084182e-7, 0.000060912061599083245, 5.49949730199728e-9, 0.000005255722044239519, 0.002173776039853692, 9.980916502172477e-7
0.999140202999115, 0.0000023547272576252, 0.0005011728499084711, 1.9984941701522985e-8, 0.00003566408850019798, 0.00032003605156205595, 6.318652481240861e-7
0.9987172484397888, 3.9553285091642465e-7, 0.0002721546625252813, 4.182805768415676e-10, 0.000046211574954213575, 0.0009635913884267211, 3.769302452383272e-7
0.9997392296791077, 1.2563856444103294e-7, 2.1311856812644692e-7, 1.128242221870579e-10, 3.5182546298528905e-7, 0.00026027188869193196, 8.593305234061432e-11
0.9989830255508423, 0.000021707102860091254, 6.169457265059464e-7, 2.656789233057566e-9, 0.000011831197298306506, 0.0009827930480241776, 9.921845389726514e-8
0.9997764229774475, 0.000052735711506102234, 0.0000012611718602784094, 1.7182519851388633e-9, 0.000038313359254971147, 0.00013073017180431634, 3.6015788396071e-7
0.9999678134918213, 5.044894351158291e-7, 8.853503175032529e-8, 1.3889016672874455e-11, 0.0000010006892807723489, 0.000030655308364657685, 1.4527751224235885e-9
0.9999495148658752, 1.8493383890927362e-7, 3.3427289736209786e-7, 3.7043687561855165e-11, 0.0000069346619966381695, 0.00004304045069147833, 1.3445280444557284e-9
0.9996105432510376, 1.2199966192838474e-7, 0.000006422251317417249, 2.8748103897413557e-10, 8.207560426853888e-7, 0.0003820296551566571, 1.376795069063519e-7
0.9999818801879883, 0.000004104062099941075, 5.566266381151763e-8, 7.764149739797332e-11, 0.000013498746739060152, 5.080307801108574e-7, 1.584132602872046e-9
0.9999985694885254, 8.580066719332535e-7, 8.790266292635351e-9, 1.2419143404635014e-12, 4.9258140677466145e-8, 5.476062483467103e-7, 9.036755233005067e-10
0.9645429849624634, 0.022446902468800545, 0.000006620239219046198, 3.3612085559298066e-8, 0.0001117809588322416, 0.01277890894562006, 0.00011279965110588819
0.9991452097892761, 0.0005920335534028709, 0.0000032119028219312895, 6.322095735811217e-9, 0.00000313097621074121, 0.0002149388164980337, 0.00004137536961934529
0.09744074195623398, 0.000044847067329101264, 0.0005020657554268837, 0.000001957760787263396, 0.000010635969374561682, 0.9019724726676941, 0.000027410533220972866
0.5805762410163879, 0.00007546950655523688, 0.0011831852607429028, 0.0000015854083130761865, 0.00037541979691013694, 0.4177609086036682, 0.000027262914954917505
0.9953305125236511, 0.0000010424532774777617, 0.00005814964970340952, 6.576622579856917e-10, 0.0000107020514406031, 0.0045992606319487095, 3.6559768545885163e-7
0.9991482496261597, 0.0000012785257013092632, 0.00011035997158614919, 2.4671406584353406e-10, 0.0000024643561573611805, 0.0007376925786957145, 1.1103927732847296e-7
0.9950830936431885, 0.000003845682385872351, 0.0016170351300388575, 4.156988919756799e-10, 0.00002368856075918302, 0.0032711741514503956, 0.0000010439938478157273
0.9743306636810303, 0.0000010796970855153631, 0.000027123925974592566, 1.6014060078006764e-9, 0.000009438080269319471, 0.025630127638578415, 0.0000015593820990034146
0.9981734752655029, 0.00005501077612279914, 0.000030572598916478455, 6.784919293068015e-10, 9.57228849074454e-7, 0.001739316270686686, 4.6674415443703765e-7
0.9974136352539062, 2.5219171106982685e-7, 0.00022509178961627185, 9.223800542801364e-12, 0.0000020853394744335674, 0.002359011210501194, 3.7001342434450635e-8
0.9994856715202332, 1.2275052085897187e-7, 0.000006764685167581774, 9.478710351340514e-12, 0.0000013047351785644423, 0.0005062863929197192, 1.350017608814369e-8
0.9990008473396301, 0.000002128434516635025, 0.00010651658521965146, 2.889556816043637e-9, 0.00001291914850298781, 0.0008774879388511181, 2.9580965588138497e-7
0.9990810751914978, 2.4435797740807175e-7, 0.0000010534287184782443, 1.7459093892835398e-10, 0.0000019237236301705707, 0.0009158023167401552, 1.0307169873158273e-7
0.9850214123725891, 0.0000017229172044608276, 0.0016238208627328277, 1.9069883450129055e-8, 0.000008114951924653724, 0.013342809863388538, 0.000002045297833319637
0.9995604753494263, 2.4527299302690153e-8, 0.0000011904863868039683, 1.0395715538402683e-10, 2.397141258825286e-7, 0.0004382315091788769, 3.889899069520197e-9
0.9991616606712341, 8.387715411117824e-7, 0.00011722038470907137, 6.513550809827962e-10, 7.828361958672758e-7, 0.000719318340998143, 1.4173154738728044e-7
0.9929125905036926, 7.194068416538357e-7, 0.001383933937177062, 2.3285465222677715e-10, 0.00002022958142333664, 0.005682388786226511, 2.346975946920793e-7
0.9999885559082031, 0.0000023260877242137212, 3.915345416771743e-7, 3.296146341980055e-12, 6.078408176790617e-8, 0.000008792706466920208, 3.5672037768108567e-8
0.9927369356155396, 9.85971951195097e-7, 0.00008071377669693902, 1.916017744463261e-8, 0.000015004508895799518, 0.0071655623614788055, 8.176217534128227e-7
0.8187966346740723, 0.000004192377218714682, 0.0031032864935696125, 4.827043298405442e-8, 0.000026056972274091095, 0.17806343734264374, 0.0000063985298766056076
0.9981943964958191, 0.000001487272015765484, 0.0012011656071990728, 2.3217190392443854e-9, 0.00001753772266965825, 0.0005847698776051402, 7.83375583068846e-7
0.9995446801185608, 0.000013602167200588156, 0.000056656685046618804, 7.4209314249173985e-9, 0.0003631605359259993, 0.000021848889446118847, 1.5988587165338686e-7
0.9995208978652954, 0.00011179536522831768, 0.000011500987056933809, 2.026901979590434e-9, 0.000003447707285886281, 0.00034908298403024673, 0.0000031218869480653666
0.9949796795845032, 0.00009348035382572562, 0.0036106030456721783, 8.570939940000244e-7, 0.0005852861795574427, 0.0007155783241614699, 0.000014592310435546096
0.9999523162841797, 0.0000026609579890646273, 0.00001618397618585732, 4.0235034054481034e-11, 9.920271395458258e-7, 0.000027717624107026495, 6.877143476913261e-8
0.9999604821205139, 2.2889159367878165e-7, 0.000012092999895685352, 1.4254412754322043e-11, 1.670328515501751e-7, 0.000027052819859818555, 2.2446716485546858e-8
0.9999861717224121, 0.000011065209946536925, 0.0000013769605402558227, 8.630570216827671e-12, 2.264487335423837e-7, 9.640821190259885e-7, 2.2599234483777764e-8
0.999995768070221, 9.907859066515812e-7, 8.390277628222975e-8, 1.3853512954853375e-11, 3.80884671358217e-7, 0.0000028915435450471705, 1.2573296181983551e-8
0.9984610080718994, 0.0000056063540796458255, 0.000006979981208132813, 2.735813520171604e-10, 0.000021588090021396056, 0.0015044761821627617, 3.258247716075857e-7
0.9988610148429871, 6.790868667394534e-8, 0.000032103827834362164, 4.178390272668864e-12, 4.2789821463884437e-7, 0.001106241368688643, 6.30855323535684e-9
0.9999966621398926, 3.318423296150286e-7, 1.743164403933406e-7, 5.439754549585452e-13, 0.000002613630840642145, 4.261695210061589e-7, 2.5375561651941325e-9
0.9996424317359924, 0.00005111865175422281, 0.000024654935259604827, 1.6141573633277062e-9, 0.000015500831068493426, 0.0002654504787642509, 8.616898412583396e-7
0.9992483258247375, 0.0000028872268558188807, 0.0001726030168356374, 2.1233141980769865e-11, 0.000008558166882721707, 0.000567322364076972, 5.261005640022631e-7
0.9993807673454285, 0.000006446759925893275, 0.00000820131208456587, 1.5747944615007725e-10, 3.19439209306438e-7, 0.0006043502362444997, 5.0475364332669415e-8
0.9998774528503418, 0.0000019423152934905374, 0.00000451243067800533, 5.863555196938819e-10, 0.000014787744476052467, 0.00010134795593330637, 1.8714670702024705e-8
0.9997935891151428, 4.519685603554535e-8, 0.000009711679012980312, 3.103045320695941e-10, 3.3806080068643496e-7, 0.00019632540352176875, 1.3633622231168374e-8
0.9980055093765259, 0.000004111627276870422, 0.000027000241971109062, 8.668202822192939e-10, 0.00000806906791694928, 0.001955334097146988, 1.0228382762988986e-7
0.994737982749939, 9.40031100071792e-7, 0.00004443050784175284, 2.900959472640352e-9, 0.0000029399591312539997, 0.005213493946939707, 9.904283615469467e-8
0.9998250603675842, 1.970226719549828e-7, 0.00002119602868333459, 2.207102382800752e-11, 0.000004850520326726837, 0.00014884323172736913, 5.7363784833341924e-8
0.9997017979621887, 1.5796381092059164e-7, 0.00000410372604164877, 1.6212193809650444e-9, 0.00001712717676127795, 0.0002769189013633877, 3.4726209463542546e-8
0.9996491074562073, 4.545416629753163e-7, 0.00012469201465137303, 2.6973454719803058e-11, 0.0000035984039641334675, 0.00022164442634675652, 5.067642518952198e-7
0.9999799728393555, 0.0000021400283003458753, 6.795915510338091e-7, 4.026254590144829e-12, 2.994956957991235e-7, 0.000016431666153948754, 4.283663201931631e-7
0.9974631667137146, 0.000029983579224790446, 0.00010287999612046406, 2.060859261021619e-9, 0.00005558051634579897, 0.002338890917599201, 0.000009752285222930368
0.9999642968177795, 0.0000011086104905189131, 0.0000011902188816748094, 6.770055002713882e-12, 1.6296107219204714e-7, 0.0000333771895384416, 3.138623227982862e-8
0.9996048212051392, 4.733874803264371e-8, 0.000002870187927328516, 1.0301477032514939e-10, 0.000005310593223839533, 0.0003868767526000738, 1.242891300989868e-7
0.9999160766601562, 9.889420837794205e-9, 0.00001054162930813618, 8.247481690648595e-12, 1.710636041707403e-7, 0.00007347312202909961, 1.6286266557585805e-8
0.9999723434448242, 2.803929533001792e-7, 0.0000046765517254243605, 4.7689019400110055e-11, 0.000002020192141571897, 0.00002066823435598053, 1.2032479901336046e-7
0.9988055229187012, 2.186683900617936e-8, 0.000008053081728576217, 8.315088201316101e-11, 0.0000012826295687773381, 0.001185020781122148, 5.4990678677313554e-8
0.9998784065246582, 0.0000012656801118282601, 3.9472993762501574e-7, 1.7289895903882524e-10, 0.0000023862291982368333, 0.00011736786109395325, 5.242384304438019e-8
0.9987167716026306, 3.320358743508223e-8, 0.000010935976206383202, 7.972510672471511e-12, 0.0000015307464309444185, 0.0012706544948741794, 7.639832766415111e-9
0.9978724718093872, 2.3347979549726006e-8, 0.00007615728827659041, 1.1768206409357163e-9, 9.832019713940099e-7, 0.0020503236446529627, 7.307691873847943e-8
0.9988393783569336, 3.2702061503186997e-7, 0.000005369777682062704, 6.307736555299925e-10, 4.817728154193901e-7, 0.0011538887629285455, 4.692735728895059e-7
0.9929252862930298, 0.000012477118616516236, 0.000052319872338557616, 1.5552355847603394e-8, 0.000012068722753610928, 0.006996191572397947, 0.0000018902907186202356
0.9988291263580322, 1.970885818991519e-7, 0.00004202382478979416, 8.460061817761044e-11, 0.0000026413022169435862, 0.0011259240563958883, 2.6599664693094383e-8
0.9974141120910645, 2.3337056731520534e-9, 0.0000060002253121638205, 7.074980185040047e-11, 0.0000012407816711856867, 0.002578642452135682, 1.846035679875513e-8
0.9982082843780518, 0.000015530009477515705, 0.00003017902599822264, 8.195688572243398e-11, 0.000004553012331598438, 0.001741640386171639, 1.2146390560019427e-8
0.9998846054077148, 0.000001444132635697315, 3.019339658294484e-7, 8.47460383118781e-12, 9.258312161364302e-7, 0.00011275730503257364, 4.951605236946932e-10
0.8946165442466736, 0.005902617238461971, 0.00004947050183545798, 0.00013973098248243332, 0.0005480149411596358, 0.09874237328767776, 0.0000013597384622698883
0.997982382774353, 0.0018477506237104535, 0.0000027541432245925535, 6.755873016572878e-8, 0.00009028065687743947, 0.0000768084719311446, 5.439997785572359e-9
0.9991201758384705, 0.0006803403375670314, 0.000012992595657124184, 1.7428121168450161e-9, 0.000010045067938335706, 0.00017657957505434752, 4.517529461622871e-9
0.9953554272651672, 0.0000010532615988267935, 1.967639384758968e-8, 2.8780542393747055e-9, 0.000013453368410409894, 0.004629888106137514, 2.4716068081076514e-10
0.9316388964653015, 0.000010432763701828662, 0.000029457307391567156, 5.1991286831309935e-9, 0.00007060751522658393, 0.06825032085180283, 3.6187756791150605e-7
0.9743771553039551, 0.00002972902439069003, 0.003699221182614565, 0.000003043671085833921, 0.00018295404152013361, 0.02169073559343815, 0.000017216807464137673
0.9862276911735535, 1.323488021398589e-7, 0.00010002977069234475, 4.6045339763267634e-10, 0.000020813289665966295, 0.013651194982230663, 6.948024378061746e-8
0.9998164772987366, 1.6341912711936857e-8, 8.617161029178533e-8, 1.1086987231068157e-11, 0.0000014441402527154423, 0.00018218539480585605, 6.539798924620754e-9
0.9998989105224609, 1.1430789648159134e-9, 0.0000043662153075274546, 6.913664085672622e-11, 3.2417440820609045e-7, 0.00009626892278902233, 1.687959327867361e-9
0.9996321797370911, 0.000003288515017629834, 0.000007697325600020122, 4.898189076563142e-10, 0.00015339016681537032, 0.00020341214258223772, 2.4091955097560458e-8
0.9997585415840149, 0.0000031071460853127064, 0.00002021172440436203, 3.5152747379640914e-10, 0.000004048463324579643, 0.0002139312564395368, 2.0282018908801547e-7
0.9990562796592712, 5.444724848757687e-8, 0.0002621973108034581, 8.206075402528157e-11, 0.000001509408320998773, 0.0006797563983127475, 1.3375088769862487e-7
0.9998900890350342, 1.1248670261920779e-7, 0.000005270514975563856, 2.0960890800836296e-9, 0.0000014581936511604, 0.00010309110075468197, 4.904363848368121e-8
0.9998254776000977, 1.2799210935554584e-7, 0.0000033929391065612435, 4.139400974767504e-11, 2.662137035258638e-7, 0.0001706424227450043, 4.769393058268179e-8
0.9986990690231323, 5.8461615992655425e-8, 0.000006071837560739368, 4.217935375971926e-11, 0.000006713721631967928, 0.001288128551095724, 3.438294626789684e-8
0.9999923706054688, 4.7241775291695376e-7, 3.318094243809355e-8, 2.066078211293565e-12, 2.269159438128554e-7, 0.000006848417342553148, 2.899506468256874e-10
0.9999147057533264, 0.000057641143939690664, 4.2641016761990613e-7, 8.5220504264516e-11, 0.000003908105099981185, 0.00002232427868875675, 0.0000011272653637206531
0.9997096657752991, 0.0000013306109849509085, 4.4877586447000795e-7, 6.184288497967927e-11, 0.000018569686289993115, 0.00026983272982761264, 3.716327467984115e-9
0.999883234500885, 0.00000117047420644667, 0.0000031429785849468317, 1.0436339292763108e-10, 0.00003599878982640803, 0.00007641831325599924, 5.340404118925335e-9
0.9991301894187927, 3.585838470598901e-8, 0.000033416858059354126, 1.7013800307844051e-12, 0.0000045576980483019724, 0.0008317675092257559, 2.4777901952433012e-9
0.9990425109863281, 7.674179300920514e-7, 0.00001518904809927335, 3.6393879576657184e-10, 0.000013441972441796679, 0.00092737702652812, 5.159897682460723e-7
0.9993548393249512, 9.73708367268955e-8, 0.000019588154827943072, 2.33214197953302e-10, 0.000004426276973390486, 0.000621057057287544, 4.7802696911958265e-8
0.9999580979347229, 2.6159922228430332e-8, 0.0000011199996379218646, 1.1496278755351863e-11, 2.2005754374276876e-7, 0.00004069488204549998, 1.9087742497703175e-9
0.9861209392547607, 2.4232411988123204e-7, 0.00013594049960374832, 1.5752442406036238e-10, 0.000008436079951934516, 0.013734444975852966, 1.1182228121242588e-7
0.9963552951812744, 1.5892172200437926e-7, 0.00008111873466987163, 7.818103109347163e-11, 0.0000032774428291304503, 0.0035601994022727013, 2.8528843287745076e-8
0.9983489513397217, 1.4485748600634452e-8, 0.000006776787358830916, 9.246484689029444e-10, 0.0000028386887152009876, 0.0016413935227319598, 9.913244447545821e-9
0.9981604218482971, 4.777893991558813e-7, 0.000034728818718576804, 5.202505093393484e-10, 0.0000012905817357022897, 0.0018029151251539588, 1.2192936083010864e-7
0.9955328106880188, 2.907002283336624e-7, 0.00008796268957667053, 3.1965005642398125e-10, 0.00001351551509287674, 0.004365392029285431, 1.0449494425301964e-7
0.9999804496765137, 8.473180490575771e-10, 8.360612469004991e-7, 1.0092833686858871e-11, 2.1891135304485942e-7, 0.000018433222066960298, 2.51961451702698e-9
0.9967026710510254, 0.0000010060285831059446, 0.0002680283214431256, 9.425262792461808e-10, 0.000004786036697623786, 0.0030235634185373783, 1.1727605198075253e-7
0.9998607635498047, 1.235504321073222e-8, 0.0000052326618060760666, 4.373541806490522e-11, 2.4200940629270917e-7, 0.00013401363685261458, 3.812635984701274e-9
0.9982682466506958, 6.004138075610399e-9, 0.00005663874981109984, 3.9514617272695673e-11, 0.0000014547294995281845, 0.0016736749093979597, 1.4874904641359876e-9
0.9974441528320312, 1.1215438994183202e-10, 0.0000017332048400930944, 2.609998883684739e-10, 0.000004682354756369023, 0.002549604279920459, 1.792165749137098e-9
0.9993607997894287, 8.402943763030635e-8, 0.0000052550199143297505, 3.868267685336324e-12, 3.898336728980212e-7, 0.0006336876540444791, 4.116800678133359e-9
0.9998712539672852, 3.6670087411039276e-7, 2.2485981787667697e-7, 3.23179573380461e-11, 0.000003540492798492778, 0.00012457609409466386, 6.192297341556241e-9
0.9997335076332092, 6.750025249857572e-8, 0.0000025508622911729617, 8.14976766627673e-11, 7.70581834785844e-7, 0.0002630344242788851, 8.669657880489012e-9
0.9988536834716797, 4.838243228277861e-8, 0.000017747492165653966, 1.5200060654585457e-10, 0.000006136316642368911, 0.0011225180933251977, 3.9540637430945935e-9
0.9013919830322266, 5.9566676036126864e-9, 0.00021997097064740956, 2.465634085790924e-10, 4.3848424979842093e-7, 0.09838752448558807, 2.3151473627081032e-8
0.955287754535675, 0.007409863639622927, 0.004637019708752632, 0.00025185931008309126, 0.03162960335612297, 0.0007742472225800157, 0.000009620843229640741
0.9272443652153015, 0.014932435005903244, 0.00013727389159612358, 0.000019387158317840658, 0.027621330693364143, 0.02949434332549572, 0.0005508671747520566
0.9982175230979919, 0.0000027910846256418154, 0.00005798179699922912, 3.715438512408298e-10, 0.000005538986897590803, 0.0017159359995275736, 2.966893362099654e-7
0.9948915839195251, 4.446965249371715e-7, 0.000276089645922184, 1.7431345256113673e-8, 0.00007261737482622266, 0.004757017828524113, 0.000002127604602719657
0.9913253784179688, 0.00000816764986666385, 0.0005957548273727298, 3.5857244284898115e-8, 0.0013443499337881804, 0.0067085567861795425, 0.000017866059351945296
0.9997783303260803, 0.0000012066011549904943, 0.00012639208580367267, 6.382065431687067e-10, 0.000005763661192759173, 0.00008705565414857119, 0.0000014510856090055313
0.9962479472160339, 6.439775290800753e-8, 0.000005389535544964019, 5.955643977983982e-9, 0.0001291787630179897, 0.003616909496486187, 5.945219641034782e-7
0.9994555711746216, 0.000020806604879908264, 0.0001623015123186633, 2.6298351940567954e-7, 0.00020400328503455967, 0.0001564471167512238, 7.043899472591875e-7
0.9980088472366333, 0.00010556425695540383, 0.00022007104416843504, 3.0489395896893257e-8, 0.00006667323032161221, 0.001578589784912765, 0.000020106210286030546
0.9997820854187012, 0.0000028730544272548286, 0.00015837815590202808, 2.075811345036982e-8, 0.000008447922482446302, 0.0000478009860671591, 4.1353908386554394e-7
0.9991453886032104, 5.379875389621702e-8, 0.00001822886406444013, 7.737322449408168e-10, 0.000022881593395140953, 0.0008135237731039524, 1.855195996824932e-8
0.9999508857727051, 2.3646822455702932e-7, 0.000007372573236352764, 3.8973376609297006e-11, 0.0000035906532502849586, 0.00003796207965933718, 1.8213713204318083e-8
0.9999899864196777, 0.000001300834014728025, 0.000003684191597130848, 3.5448399771098593e-10, 6.024453682584863e-7, 0.00000442666350863874, 2.6009873366206193e-8
0.999810516834259, 0.0000016825472357595572, 0.0000026202251319773495, 6.485735282169003e-10, 0.00003035481131519191, 0.00015467901539523154, 2.57569212180897e-7
0.9998712539672852, 3.535090797868179e-7, 0.00002114061680913437, 2.1553843432275954e-10, 0.000003677617087305407, 0.00010371852840762585, 3.884656862851443e-8
0.9996550679206848, 0.0000013542255601350917, 0.0000044067051021556836, 2.2917534536759376e-9, 0.00012900236470159143, 0.00020996526291128248, 1.9946982376950473e-7
0.999718964099884, 0.000003573103640519548, 0.00011803012603195384, 4.961336230735469e-9, 0.00003525434294715524, 0.00012412441719789058, 1.4927128688668745e-7
0.9999637603759766, 1.589484099895344e-7, 0.000010856314474949613, 4.1100847725239475e-10, 0.000004248340246704174, 0.000021149309759493917, 5.864019669843401e-8
0.9984852075576782, 0.0000032730390557844657, 0.00009738054359331727, 3.327178754730653e-9, 0.000004586385330185294, 0.001401867251843214, 0.000007741229637758806
0.9996668100357056, 0.00024022217257879674, 0.00004092212475370616, 3.1776703490749014e-10, 0.000025598452339181677, 0.00002616576421132777, 1.0866094868333676e-7
0.9968231320381165, 1.5010820675342984e-7, 0.0000017522241932965699, 6.994891887934784e-10, 0.000003429391426834627, 0.003171222982928157, 1.9937755268983892e-7
0.9998310208320618, 0.0000013880110145692015, 0.000010586853022687137, 4.047308668764238e-11, 0.000002468115553710959, 0.00015450784121640027, 1.1911428998701012e-7
0.9995362162590027, 5.514611416401749e-7, 0.00004458143303054385, 4.668176400990376e-10, 0.000009858506928139832, 0.0004085204272996634, 3.090627274104918e-7
0.9988788962364197, 0.00002226875767519232, 0.00002424370359221939, 4.432801681275578e-9, 0.00001401392091793241, 0.0010598483495414257, 7.774913228786318e-7
0.9992139935493469, 2.4909837748054997e-7, 0.00007701219146838412, 2.560864853506928e-10, 0.000002326807361896499, 0.0007063337252475321, 8.439294418849386e-8
0.9997425079345703, 6.966419618947839e-7, 0.000006942973413970321, 7.886629682651858e-10, 0.0000021052815100119915, 0.00024747400311753154, 1.9327379163769365e-7
0.9993464946746826, 4.799317707693262e-7, 0.000017585853129276074, 2.5910518522409554e-11, 4.898816996501409e-7, 0.0006345964502543211, 1.6816800041397073e-7
0.9998851418495178, 1.1014040346424281e-8, 0.0000035469161048240494, 1.3166573734069154e-11, 5.70663587495801e-7, 0.00011070154869230464, 2.1038459863120806e-8
0.9990479350090027, 3.257593306216222e-8, 0.000022413620172301307, 8.987560001783024e-11, 0.0000014703371107316343, 0.0009280105005018413, 2.2128344312477566e-7
0.9995819330215454, 0.000001919214582812856, 0.000003131742232653778, 8.840462806247729e-10, 0.000008996271390060429, 0.0004034957673866302, 4.279468726053892e-7
0.9999074935913086, 2.220268946473425e-8, 0.0000023999728000489995, 3.3099367430927673e-12, 0.0000014608177707486902, 0.00008875000639818609, 1.7319361500511832e-9
0.9971975684165955, 0.0000026271834485669388, 0.00018634292064234614, 1.2901996804259852e-8, 0.00003629023194662295, 0.0025745427701622248, 0.000002509670366634964
0.9996081590652466, 4.6393449792958563e-7, 0.0000021986995761835715, 1.2582692665574768e-9, 0.0000500270543852821, 0.00033922120928764343, 2.6883130388455356e-8
0.9998984336853027, 0.00000965413619269384, 0.000015004291526565794, 6.728997914429158e-10, 0.0000022495466964755906, 0.00007450303382938728, 4.2248103682140936e-7
0.9957113265991211, 7.764856491121463e-7, 0.00016897842579055578, 1.4024784666943901e-9, 0.0000164054763445165, 0.004101562313735485, 9.729542398417834e-7
0.9982351660728455, 1.5466994796042854e-7, 0.0001600271207280457, 5.59726753834866e-9, 0.000027382517146179453, 0.0015772463520988822, 1.6974904326616524e-7
0.998883843421936, 0.000001978247382794507, 0.000028253631171537563, 3.787821167833272e-9, 0.000008112817340588663, 0.0010776924900710583, 2.5197408604071825e-7
0.9988455772399902, 0.0000028490433123806724, 0.00002279157706652768, 5.396345592600937e-10, 0.0000027692590265360195, 0.0011257402366027236, 4.5163702111494786e-7
0.9947680830955505, 2.2970493773755152e-7, 0.001960428198799491, 3.822922534091333e-10, 0.000019630140741355717, 0.003251532092690468, 1.85737278002307e-7
0.9989755749702454, 1.868409071903443e-8, 0.000020520987163763493, 1.2553183492691744e-10, 0.0000018024065866484307, 0.0010019938927143812, 5.3728815174736155e-8
0.9987629652023315, 7.774728771892114e-8, 0.00005392945968196727, 1.091901846717036e-10, 0.000004873494162893621, 0.0011782166548073292, 3.086491062731511e-8
0.999457061290741, 1.5426191168899095e-7, 0.00003018718598468695, 1.44246337097087e-10, 8.803150990388531e-7, 0.0005114906816743314, 3.3444442237851035e-7
0.998526930809021, 0.0000013277676771394908, 0.00043907007784582675, 2.5454589547280193e-9, 0.000014412715245271102, 0.0010151825845241547, 0.000002921063924077316
0.9999384880065918, 8.66537163801695e-7, 0.000004854312010138528, 6.604513463903672e-11, 0.0000015506407180509996, 0.00005448158844956197, 3.44128672224997e-8
0.999971866607666, 2.976365465201525e-7, 9.408578875991225e-7, 4.8081781611752916e-11, 5.189006060390966e-7, 0.000026272058676113375, 2.6267809261071307e-8
0.9990487098693848, 0.000004965968400938436, 0.00021280038345139474, 3.1341534922901815e-10, 0.0000031351266898127506, 0.0007269075140357018, 0.0000032826421829668107
0.9973815679550171, 0.0000011947546454393887, 0.00019144790712743998, 6.754757309046511e-10, 0.000005091906587040285, 0.0024202854838222265, 4.3622458179015666e-7
0.9990572929382324, 4.0552239966018533e-7, 0.000056451484852004796, 3.933390835264561e-10, 0.000002902155983974808, 0.00088288210099563, 9.59847099579747e-8
0.9936272501945496, 8.813527188067383e-7, 0.0003585847152862698, 8.067906898112653e-10, 0.0000065573212850722484, 0.006006389390677214, 3.887343495989626e-7
0.9993796348571777, 0.000007091984571161447, 0.00007838064630050212, 1.4529056846512844e-9, 0.000010780767297546845, 0.0005229514790698886, 9.962249123418587e-7
0.9676541686058044, 5.408000447459926e-7, 0.000012963512745045591, 2.232050544392905e-9, 0.0034066070802509785, 0.02892409823834896, 0.0000017831679315349902
0.9993048310279846, 2.562283327733894e-7, 0.000051849423471139744, 4.885441828861303e-9, 0.000005573578164330684, 0.0006373643991537392, 3.9946743868313206e-7
0.9988689422607422, 1.1708813474342605e-7, 0.000020099700122955255, 7.900300968977092e-10, 0.000007695646672800649, 0.0011030723107978702, 3.5382939245209855e-8
0.9999070167541504, 7.345652193180285e-7, 0.000004191290827293415, 4.765718930599405e-10, 0.0000019391618479858153, 0.00008588509808760136, 4.0895791642014956e-8
0.9981361031532288, 8.599031389167067e-7, 0.000027326335839461535, 2.5771231815241435e-9, 0.000013821511856804136, 0.0018205295782536268, 0.0000014598485904571135
0.9981299042701721, 0.0000012378766314213863, 0.00005723283902625553, 6.139961317153109e-10, 0.0000022187252852745587, 0.001809259527362883, 7.574630700446505e-8
0.9997968673706055, 2.6466224767318636e-7, 0.000014406352420337498, 4.147530374698505e-10, 0.000013656819646712393, 0.00017416737682651728, 7.039477623038692e-7
0.9973849058151245, 3.190601773894741e-7, 0.000057058885431615636, 1.5047202372997504e-9, 0.000002632548330439022, 0.002555028535425663, 6.348730607896869e-8
0.9989339113235474, 3.9814403862692416e-7, 0.0000827804469736293, 2.921589914439693e-10, 0.000001125383164435334, 0.0009818755788728595, 6.025560850275724e-8
0.999140202999115, 4.4170351998218393e-7, 0.000046824290620861575, 3.219500777085216e-10, 9.898575399347465e-7, 0.0008116593235172331, 5.086464227588294e-8
0.998329758644104, 0.000016522482837899588, 0.0000070257351580949035, 1.0973721487061994e-8, 0.0007822784245945513, 0.0008640026208013296, 4.942683631270484e-7
0.9994534254074097, 2.533131464588223e-7, 0.000016338550267391838, 6.151588682890008e-10, 0.000005480798790813424, 0.0005242885672487319, 2.395031515334267e-7
0.9915397763252258, 0.000001072518216460594, 0.0003446269256528467, 1.0300931219120457e-9, 0.000007172112418629695, 0.008106116205453873, 0.0000012556002957353485
0.9988014698028564, 0.0000019488666112010833, 0.000018132046534447, 3.187701491658146e-10, 0.000006159310487419134, 0.0011721395421773195, 3.748306767192844e-7
0.9929605722427368, 1.8278169022778457e-7, 0.0004691987414844334, 3.5176689339166956e-10, 0.0000029561495011876104, 0.0065667894668877125, 8.738806656083398e-8
0.9987272024154663, 0.0000010193189154961146, 0.0001916132605401799, 1.3652796948537826e-10, 8.25129745862796e-7, 0.0010789955267682672, 3.496178919704107e-7
0.9986904859542847, 8.987879027699819e-7, 0.00026350063853897154, 2.6251530463317074e-11, 4.490708533921861e-7, 0.0010443595238029957, 4.2017438772745663e-7
0.9977713823318481, 2.2423017753681052e-7, 0.00009372475324198604, 8.495300296562647e-11, 0.0000050455614655220415, 0.0021295740734785795, 6.161599941378881e-8
0.9995507597923279, 5.129264195602445e-7, 0.000009006065738503821, 4.884021312379083e-11, 6.23201458438416e-7, 0.00043897225987166166, 1.4804177794758289e-7
0.9998857975006104, 4.132658091293706e-7, 0.00001044820874085417, 3.729745678970886e-11, 0.0000011871889000758529, 0.00010221162665402517, 5.893499377407352e-8
0.9997726082801819, 0.0000016541804370717728, 0.000009808026334212627, 5.407515407673813e-11, 8.805979518911045e-7, 0.00021484577155206352, 2.3028023576898704e-7
0.9993279576301575, 1.6222976739754813e-7, 0.000028843041945947334, 5.549454992759273e-11, 5.307940114107623e-7, 0.0006424518651328981, 1.6046717732365323e-8
0.9999570846557617, 0.0000037011614040238783, 0.00001065574360836763, 1.590047711552689e-11, 4.718385184787621e-7, 0.000027959744329564273, 8.491649339248397e-8
0.999901294708252, 0.000006526548531837761, 0.000011263774467806797, 2.6691999305272773e-11, 6.82829238485283e-7, 0.0000803702132543549, 1.3460734749060066e-7
0.9990744590759277, 0.0000021271180230542086, 0.000005753124696639134, 8.715293764449683e-11, 0.0000014347316437124391, 0.0009158380562439561, 3.0614040724685765e-7
0.9988084435462952, 6.197554967002361e-7, 0.0002984219463542104, 4.4171877267018544e-10, 0.00000840462053020019, 0.0008838654612191021, 3.4667490922402067e-7
0.9987593293190002, 0.0000019043602605961496, 0.00013924385712016374, 1.1323275650454434e-9, 0.000006857722382846987, 0.0010917838662862778, 7.945634479256114e-7
0.9999618530273438, 0.0000021380913040047744, 0.0000026818661353900097, 1.274529635476862e-12, 4.192599334373881e-8, 0.00003327567537780851, 2.161725198845943e-8
0.9969900250434875, 3.222029647531599e-7, 0.001198940328322351, 2.7640800759343165e-9, 0.000022266402083914727, 0.0017871480667963624, 0.0000013840365227224538
0.9998860359191895, 0.000009393266736879013, 0.000014154185009829234, 4.839708842019341e-11, 9.139929488810594e-7, 0.00008950442861532792, 1.3959926548068324e-7
0.9933217167854309, 2.1142324158063275e-7, 0.00018077019194606692, 5.585905626936949e-10, 0.000014706345609738491, 0.006482417695224285, 5.7970577671540013e-8
0.998049259185791, 0.000026948229788104072, 0.0000528256205143407, 3.5626512850939207e-9, 0.00002893677265092265, 0.0018396313535049558, 0.000002321414740436012
0.9997758865356445, 4.3967540364064917e-7, 0.000023696078642387874, 1.1330644061890993e-10, 0.000002685499339349917, 0.000197313551325351, 6.749819903006937e-8
0.9978541731834412, 0.000017029489754349925, 0.00015811892808414996, 2.6882776005265896e-9, 0.000005429492375697009, 0.0019613613840192556, 0.000003961687070841435
0.997461199760437, 0.0000026579343739285832, 0.00003157605533488095, 5.1911612786170735e-9, 0.00010434335126774386, 0.0023995316587388515, 6.640058813900396e-7
0.9994447231292725, 3.46046675758771e-8, 0.00004334845289122313, 2.811840760230666e-10, 9.336536663795414e-7, 0.0005110655329190195, 6.728392776267356e-8
0.9956859946250916, 2.8421474951301207e-8, 0.0002940104459412396, 3.3264971333046844e-10, 0.0000018010392750511528, 0.004017792642116547, 2.956047921998106e-7
0.9997673034667969, 0.000007058926712488756, 0.000049842401494970545, 5.115239898323409e-10, 0.0000010232926115349983, 0.00017433670291211456, 3.3774989560697577e-7
0.9996138215065002, 2.3569013407609418e-8, 0.000022576743504032493, 2.8601468415878628e-11, 0.0000034039514957839856, 0.00036026284215040505, 1.1184711823375437e-8
0.9952731132507324, 0.000005378097284847172, 0.00003424477836233564, 1.6843948458244995e-9, 0.000004592598543240456, 0.004677319433540106, 0.000005252082246443024
0.9999713897705078, 4.990280544348025e-8, 0.000006449709417211125, 5.7155239742423536e-12, 5.131692546456179e-7, 0.000021711868612328544, 6.869247393126443e-9
0.9991768598556519, 0.000001280152787330735, 0.000011856124729092699, 1.420593087608779e-10, 0.0000021528151137317764, 0.0008076959638856351, 1.4444688645198767e-7
0.9987986087799072, 0.00000276955938716128, 0.000006851161288068397, 2.547657418361382e-9, 0.00010737297270679846, 0.0010843719355762005, 1.240142069036665e-7
0.9998741149902344, 8.006362008927681e-7, 0.000032142816053237766, 3.477477333868606e-11, 4.629651755294617e-7, 0.00009251519804820418, 7.28041129605117e-8
0.9983460307121277, 9.284776183449139e-7, 0.00009387126920046285, 1.6507529787546105e-9, 0.000014502416888717562, 0.0015444932505488396, 1.8155196812585928e-7
0.9994598627090454, 0.0000017943916645890567, 0.0000912714094738476, 1.1796541521391646e-9, 0.0000039368496800307184, 0.00044245098251849413, 6.053555239304842e-7
0.9997077584266663, 0.0000017127631508628838, 0.000030492088626488112, 1.0703597036476609e-10, 7.869817864047945e-7, 0.000259332824498415, 1.17748662376016e-7
0.996594250202179, 1.3760653416738933e-7, 0.00008067382441367954, 8.723985422953717e-10, 0.0000032536545404582284, 0.0033212227281183004, 3.5089965422230307e-7
0.9494360685348511, 0.0000012958527122464147, 0.0006938150618225336, 2.851315850094238e-9, 0.00001169348161056405, 0.049856994301080704, 2.190949288660704e-7
0.9918047189712524, 0.0000011517969369378989, 0.0008282450726255774, 2.5082511623253367e-9, 0.0000032309615107806167, 0.007361558731645346, 0.0000011464735507615842
0.9978522658348083, 0.0000032234652280749287, 0.0003223810053896159, 3.1130964472936284e-10, 0.0000011050941566281836, 0.0018204188672825694, 7.298750688278233e-7
0.9954221248626709, 0.0000016483668332512025, 0.00005241233156993985, 6.703407606778455e-9, 0.000008066859663813375, 0.0045152991078794, 3.550833866938774e-7
0.996899425983429, 7.14979876192956e-7, 0.00010797391587402672, 9.747015694561156e-11, 7.778213557685376e-7, 0.0029900921508669853, 8.510936027050775e-7
0.9996501207351685, 5.857169753653579e-7, 0.0000074178797149215825, 1.6604691233101931e-10, 0.0000018543743180998717, 0.0003401562280487269, 3.479689070218228e-8
0.9959278106689453, 0.0000014914069197402569, 0.00022765196627005935, 2.203460525151968e-9, 0.000007498734248656547, 0.003834819421172142, 7.910322779025591e-7
0.9951374530792236, 9.083768759410304e-7, 0.000253238104050979, 1.1737162353142594e-9, 0.0000033688916118990164, 0.00460455846041441, 3.8582408024012693e-7
0.999786376953125, 0.0000015301353641916648, 0.000005895696631341707, 1.5832658795122967e-10, 0.0000013762088428848074, 0.00020450272131711245, 2.4551823685214913e-7
0.9974262714385986, 3.4849878716158855e-7, 0.000005132879323355155, 1.7761873569166475e-11, 6.356734729706659e-7, 0.0025674982462078333, 1.496198223094325e-7
0.9957824945449829, 0.0000012908205917483428, 0.00008057463855948299, 5.916366285774188e-10, 0.000003538256123647443, 0.004131780471652746, 1.0881390721806383e-7
0.9995237588882446, 0.0000048206588871835265, 0.000041914292523870245, 1.1725746762447642e-10, 0.0000016005294583010254, 0.00042748876148834825, 3.5126447528455174e-7
0.9988090991973877, 5.624922323477222e-7, 0.000017050091628334485, 2.0453415350285553e-10, 0.000014254484085540753, 0.0011588336201384664, 4.740356729371342e-8
0.999802827835083, 0.000006535502507176716, 0.00001800957033992745, 2.269462812121148e-10, 0.0000023132411115511786, 0.0001685273164184764, 0.0000018220383708467125
0.9920874834060669, 0.000021752595785073936, 0.0006555933505296707, 7.766264076281004e-9, 0.000019110791981802322, 0.007166507188230753, 0.00004954066389473155
0.9989836812019348, 7.031998734419176e-7, 0.00022290171182248741, 2.949365474069765e-10, 0.0000077823169704061, 0.0007846441585570574, 2.977282633764844e-7
0.9999228119850159, 9.629191026760964e-7, 0.000010489606211194769, 1.7410781150140053e-10, 0.0000023305694867303828, 0.00006238014611881226, 0.0000011040500567105482
0.9950064420700073, 0.000004770130544784479, 0.0001627340097911656, 1.6979393890892425e-8, 0.000014241110875445884, 0.004805034026503563, 0.000006734710495948093
0.9991883039474487, 1.0969195329835202e-8, 0.0000663074606563896, 1.2023416984252577e-10, 0.0000012913121736346511, 0.0007439259788952768, 8.7964387773809e-8
0.9999194145202637, 2.0546563561651965e-8, 0.000003266187604822335, 1.912118553770714e-11, 0.0000030669984880660195, 0.00007417207962134853, 6.733589685836705e-9
0.9998714923858643, 3.4061213227687404e-7, 0.000014905572243151255, 2.4489230088242664e-10, 9.581075346432044e-7, 0.00011221932072658092, 2.585541949429171e-7
0.9989296197891235, 6.384199195963447e-7, 0.00002663368832145352, 1.5246108819866322e-9, 0.000009172516001854092, 0.0010336370905861259, 3.4028084883175325e-7
0.9982494115829468, 2.428362790851679e-7, 0.00005929382678004913, 3.0554525576320657e-10, 9.486706176176085e-7, 0.001689928350970149, 9.052119764874078e-8
0.9994274973869324, 6.280658215729318e-9, 0.000034496311855036765, 1.2553150186001005e-10, 0.000001218887405229907, 0.0005365476827137172, 7.892241171703063e-8
0.9971145987510681, 4.563794107070862e-7, 0.00005642309406539425, 1.1201922722747781e-9, 0.0000035768184716289397, 0.002823807531967759, 0.0000011912893569387961
0.9965026378631592, 1.976017927063367e-8, 0.00024768710136413574, 6.14091943962336e-10, 0.0000020530026176857064, 0.00324735208414495, 3.8066818319748563e-7
0.9980298280715942, 5.387184955907287e-7, 0.0001468955451855436, 3.363387068855417e-10, 0.000011073375389969442, 0.0018114745616912842, 1.621770167048453e-7
0.9966373443603516, 9.069860311683442e-7, 0.00033450560295023024, 4.288247534844913e-9, 0.000004395335963636171, 0.003018804360181093, 0.00000385834255212103
0.9985657334327698, 0.0000015835063322811038, 0.000261288252659142, 2.911714425124501e-9, 0.000003082971261392231, 0.0011660512536764145, 0.0000021494593056559097
0.9995754957199097, 7.44108092476381e-7, 0.0000786877135396935, 7.325481887754393e-10, 0.0000028984595701331273, 0.00034167716512456536, 5.458512077893829e-7
0.9997296333312988, 6.768442517568474e-7, 0.000044684311433229595, 5.023623739219829e-10, 0.000001565417846904893, 0.00022259322577156126, 6.542314849866671e-7
0.9994208216667175, 2.9749886110153057e-8, 0.00005311379209160805, 1.8107905799813473e-11, 6.377130148393917e-7, 0.0005256155855022371, 6.285160392138778e-9
0.9968523979187012, 0.000011330851521051954, 0.00019968378182966262, 3.065288245451825e-9, 0.000008683295163791627, 0.002924626460298896, 0.0000032960756470856722
0.999823808670044, 1.7447900901856883e-8, 0.00001028591941576451, 3.187191829900904e-11, 6.224183835001895e-7, 0.00016525998944416642, 2.1036569819443685e-8
0.9989765882492065, 9.866813854841894e-8, 0.00004472175351111218, 4.40818631597395e-11, 0.000004822462869924493, 0.000973749381955713, 8.771540827012814e-9
0.9995904564857483, 0.000008152643204084598, 0.0000035687223771674326, 6.636118876635066e-10, 0.000004897631242783973, 0.00039286576793529093, 8.125624617605354e-8
0.9997523427009583, 8.29000583735251e-8, 0.000012536826943687629, 3.583431468223708e-11, 3.176405698468443e-7, 0.00023457425413653255, 1.4025673067408206e-7
0.9963353276252747, 6.95741846357123e-7, 0.000011800064385170117, 5.622730059329228e-10, 0.000007684087904635817, 0.003644401440396905, 4.423159793986997e-8
0.9998980164527893, 0.0000024844587187544676, 5.944685312897491e-7, 3.2337571509444274e-10, 0.000005663433512381744, 0.0000932643233682029, 1.0944887662844849e-7
0.9998684525489807, 1.2768990131917235e-7, 0.0000011246900157857453, 1.5148042542545426e-11, 0.0000012060222616128158, 0.00012938198051415384, 1.8756233899352992e-8
0.9976572394371033, 8.393039934162516e-7, 0.00003204893073416315, 1.8308836668978756e-9, 0.00005852215690538287, 0.0022511128336191177, 4.2120055354644137e-7
0.9986127018928528, 3.571923201661775e-8, 0.000013477330867317505, 8.202257206768593e-10, 0.000010147593457077164, 0.0013636989751830697, 1.1944497657623288e-7
0.9957518577575684, 4.0877523588278564e-8, 0.00007960911898408085, 1.806197302833823e-9, 0.000007417752385663334, 0.004160663112998009, 4.4082202066419995e-7
0.963922917842865, 1.9367639936263004e-7, 0.0001563164551043883, 1.2992924069976652e-8, 0.000021778594600618817, 0.03589353337883949, 0.000005366080131352646
0.9994968175888062, 0.0000029760074085061206, 0.000019998868083348498, 2.3494970413651117e-9, 0.00003335612564114854, 0.0004464598896447569, 3.617780635067902e-7
0.999428927898407, 1.5777013118167815e-7, 0.000007407942121062661, 5.630845789639238e-10, 0.000001909064167193719, 0.0005613707471638918, 2.6797397367772646e-7
0.8998222947120667, 0.000006104621661506826, 0.0921516865491867, 2.944456127806916e-7, 0.000568459858186543, 0.007159255910664797, 0.0002919621765613556
0.9961313605308533, 9.971592618285285e-8, 0.00009133333514910191, 6.003153973921371e-9, 0.000026880141376750544, 0.003750147530809045, 2.3509758761974808e-7
0.9997723698616028, 6.026835563943678e-8, 0.000008571540092816576, 5.869760233423449e-11, 3.768036833662336e-7, 0.00021856589592061937, 3.2112449588339587e-8
0.9990161061286926, 2.8330387635833176e-7, 0.00003516057404340245, 1.2498171941821568e-10, 6.020949854246282e-7, 0.000947881955653429, 1.2361348922240722e-7
0.9979581236839294, 1.8261043521761167e-7, 0.0011144111631438136, 1.4425280969732057e-9, 0.0000017434663277526852, 0.0009252486051991582, 4.049132655836729e-7
0.9811877012252808, 1.0618870760481514e-7, 0.0007798001752234995, 3.884903421180752e-8, 0.00001108087417378556, 0.01801913045346737, 0.0000021368903162510833
0.9982863068580627, 1.2260715109846387e-8, 0.0010810716776177287, 1.56756566060956e-10, 7.764373890495335e-7, 0.000631769944448024, 1.2411540240009344e-7
0.9894798994064331, 1.4068536557942934e-8, 0.00024403154384344816, 8.771471882162984e-10, 0.0000034759323170874268, 0.010272623971104622, 1.053728269084786e-7
0.9690893292427063, 6.086739290367404e-8, 0.0009089112863875926, 8.478883373186363e-9, 0.000016634317944408394, 0.029984278604388237, 8.491020935252891e-7
0.97752445936203, 9.299075998114859e-8, 0.0001205451408168301, 6.33254382265136e-9, 0.000029050330340396613, 0.022325897589325905, 1.0333899780334832e-7
0.9999814033508301, 5.305709294134431e-8, 0.0000015328829476857209, 1.1579288743124305e-11, 2.5386464130860986e-7, 0.000016756455806898884, 2.3169448581938923e-9
0.999263346195221, 2.310435576191594e-8, 0.000024893442969187163, 1.9075810375746016e-10, 0.000003096774662481039, 0.0007087892736308277, 1.1657672160936272e-8
0.9982113242149353, 1.8093925291395863e-7, 0.00010322298476239666, 1.4139674153756943e-10, 0.0000021657126580976183, 0.0016829497180879116, 1.3194085113354959e-7
0.9999523162841797, 6.599013886443572e-7, 0.000010400923201814294, 2.8895646292381727e-11, 8.459725222564884e-7, 0.000035653643863042817, 6.507327299232202e-8
0.9986217617988586, 1.321741081028449e-7, 0.0005047149024903774, 6.982261990806649e-11, 2.54117168196899e-7, 0.0008729065302759409, 9.384764609876584e-8
0.9986026883125305, 2.9389100930643508e-8, 0.00005063690696260892, 1.3679789523379782e-9, 0.000001953189894265961, 0.0013446778757497668, 9.46349487662701e-8
0.9998865127563477, 0.0000024522464627807494, 1.9422923003276082e-7, 5.672119440802703e-10, 0.00010091609146911651, 0.00000977802847046405, 4.660437369352621e-9
0.999971866607666, 3.900244109900086e-7, 4.3985795628032065e-7, 2.3003380450470345e-11, 0.000007474376161553664, 0.000020047020370839164, 2.138687982267129e-8
0.9991721510887146, 0.000047855934099061415, 0.00014843890676274896, 4.370090955774231e-9, 0.00005827058703289367, 0.0005717637832276523, 0.0000016626370324956952
0.8242237567901611, 0.0000023756776954542147, 0.002883337438106537, 7.638791998942907e-8, 0.00009396780660608783, 0.17277240753173828, 0.000024200951884267852
0.9993872046470642, 0.000002432273049635114, 0.0004731208609882742, 1.1112770703647357e-9, 9.336277457805409e-7, 0.00012936170969624072, 0.0000069411744334502146
0.9986907243728638, 0.0000047764160626684316, 0.0006613314617425203, 1.0369456404646371e-9, 0.000005911744210607139, 0.0006340451072901487, 0.0000032194361665460747
0.9979298710823059, 0.000003229530875614728, 0.0009057403076440096, 2.067906290648125e-9, 0.0000016703107803550665, 0.0011512159835547209, 0.000008173212336259894
0.5862986445426941, 0.000041331823013024405, 0.29387781023979187, 0.0009804648580029607, 0.0011152439983561635, 0.10920744389295578, 0.008479184471070766
0.16458900272846222, 0.6057507395744324, 0.031031787395477295, 0.0001655502856010571, 0.17548996210098267, 0.0227036289870739, 0.0002693803980946541
0.8695391416549683, 0.006684332154691219, 0.07464776188135147, 0.0074943252839148045, 0.027859283611178398, 0.003516947152093053, 0.010258146561682224
0.2857728898525238, 0.3534042537212372, 0.1896091103553772, 0.00008471050387015566, 0.11258915066719055, 0.057630736380815506, 0.0009092027321457863
0.9942602515220642, 0.00000776202341512544, 0.000921078200917691, 2.649850894265171e-10, 0.00002203141229983885, 0.004787334706634283, 0.0000017705624486552551
0.9984121918678284, 4.074263699749281e-7, 0.0006394098745658994, 8.62462740114367e-11, 0.000002762081521723303, 0.0009447741904295981, 5.279909487398982e-7
0.25511717796325684, 2.1114782100539742e-7, 0.0015243403613567352, 2.7845646854984807e-7, 0.00016328238416463137, 0.743186354637146, 0.000008299326509586535
0.9993788599967957, 0.000005932217391091399, 0.0001329021470155567, 2.3757473419094843e-11, 1.0512028580933475e-7, 0.00048187945503741503, 1.366843616068536e-8
0.9818324446678162, 0.000022104015442891978, 0.002680171513929963, 1.730253842424645e-7, 0.0000031998699796531582, 0.015459047630429268, 0.0000030034980227355845
0.9972146153450012, 0.0000011479189652163768, 0.00016666896408423781, 8.117303451626867e-8, 0.0003249428700655699, 0.002292104298248887, 3.832009838333761e-7
0.9981525540351868, 0.000002127663492501597, 0.0002010102616623044, 1.3922456076898015e-8, 0.00003108084638370201, 0.0016037148889154196, 0.00000962147896643728
0.9976614713668823, 2.5462128405706608e-8, 0.0005086476448923349, 1.0808883788016033e-9, 9.452428457734641e-7, 0.0018289743456989527, 2.4256902264596647e-8
0.9997931122779846, 1.8680432845030737e-7, 0.00003080897295149043, 3.46773512682752e-11, 0.0000048238912313536275, 0.00017073359049391001, 4.217153843910637e-7
0.9994484782218933, 0.00000645128693577135, 0.00041604816215112805, 1.407381988727252e-9, 0.00009454489918425679, 0.0000327054294757545, 0.0000017349701693092356
0.9999990463256836, 6.927542983703461e-8, 2.71684314157028e-7, 1.1190794384913216e-12, 4.881709401161061e-7, 2.774470146960084e-7, 1.546691524856314e-10
0.99685138463974, 0.00002702218625927344, 0.0004894378362223506, 1.5708019773796877e-8, 0.00003164946974720806, 0.0025968705303967, 0.000003572598188839038
0.9999961853027344, 8.086710749921622e-7, 0.000001937270781127154, 6.560982768362422e-13, 3.2658469706348114e-8, 6.682736284346902e-7, 1.8606711726931735e-9
0.9973944425582886, 0.0000010470943152540713, 0.002347585279494524, 7.374065802423502e-10, 0.000012223568774061278, 0.00024233240401372313, 0.000002390039981037262
0.9999914765357971, 6.0504032894925786e-9, 0.000004275255378161091, 4.4627447353881577e-13, 3.8155654635829706e-8, 0.000004364223968877923, 5.4590469922288776e-9
0.8846246600151062, 7.307624514396593e-7, 0.11428248882293701, 4.091737615397051e-9, 0.00001371936195937451, 0.0010277449619024992, 0.00005059043542132713
0.9992368817329407, 2.27642829031538e-8, 0.000631973787676543, 6.57880527832333e-10, 6.509305876534199e-7, 0.00013018748722970486, 4.5459754005605646e-7
0.9997120499610901, 3.584705439152458e-7, 0.00028264857246540487, 6.929824769574822e-11, 2.819240592089045e-7, 0.000004379211077321088, 2.7914464340028644e-7
0.9999699592590332, 2.7176261596650875e-7, 0.000005648545538861072, 7.600070572877371e-11, 0.0000018205960259365384, 0.00002238181696156971, 1.3842342383441064e-8
0.9850561618804932, 1.0573999276175527e-7, 0.014449779875576496, 1.6579990713694315e-9, 0.000016775129552115686, 0.0004695757234003395, 0.000007587920663354453
0.9998679161071777, 0.000004603425168170361, 0.000021766143618151546, 1.9191614963887105e-10, 7.476986496612881e-8, 0.00010575437772786245, 3.6307228334919728e-9
0.9989811182022095, 2.3556364681098785e-7, 0.00097464065765962, 2.2306552438511318e-10, 0.0000084166294982424, 0.00003491199458949268, 7.445774485859147e-7
0.9998875260353088, 6.743504741280049e-7, 0.0000863501918502152, 2.232027236648282e-11, 3.5102817719234736e-7, 0.00002512047103664372, 7.459303219548019e-8
0.9998584389686584, 0.000004155142050876748, 0.000029819206247339025, 4.0644082544005755e-10, 1.0690654761447149e-7, 0.00010701591236284003, 5.090271315566497e-7
0.9996433854103088, 5.042680868427851e-7, 0.00021876550454180688, 3.249786273418209e-10, 0.0000022596573217015248, 0.00013476224557962269, 4.3306698671585764e-7
0.9994861483573914, 0.00000377992682842887, 0.0004241153656039387, 8.261952788579663e-10, 0.000004404852916195523, 0.00008094240183709189, 6.497036793007283e-7
0.9929991960525513, 3.4954948091581173e-7, 0.006846514996141195, 5.523331236823026e-10, 0.000009432204933546018, 0.00014360115164890885, 0.000001012529423860542
0.9997920989990234, 6.879852776364714e-7, 0.00019475581939332187, 1.8925541689363001e-10, 1.1934427845972095e-7, 0.000012001260074612219, 1.7446885181016114e-7
0.9997482895851135, 3.278539395523694e-7, 0.00006618628685828298, 7.420461467511075e-11, 5.962103841739008e-7, 0.00018388520402368158, 5.628619987874117e-7
0.9999322891235352, 8.390477290731724e-8, 0.00003719775122590363, 3.175927576481996e-11, 7.772724188725988e-7, 0.000029580492991954088, 4.088136051905167e-8
0.9990777373313904, 7.764241161112295e-8, 0.00032881603692658246, 1.5752608939489932e-10, 7.897302793935523e-7, 0.0005923365242779255, 2.9609137186525913e-7
0.9998774528503418, 1.468138464133517e-7, 0.00007263638690346852, 1.749423696184582e-11, 3.0266573958215304e-7, 0.00004923869710182771, 1.7371047533742967e-7
0.9988119602203369, 4.950505285705731e-7, 0.0005431222380138934, 2.414587800536605e-11, 1.4465805975305557e-7, 0.0006435654941014946, 7.421843406518747e-7
0.9998016953468323, 0.0000013503066611519898, 0.00012101884203730151, 1.410692396230928e-10, 2.2612263705923397e-7, 0.00007541853847214952, 3.691675942718575e-7
0.999585747718811, 0.0000015248605222950573, 0.00022422288020607084, 1.8922739764004604e-10, 2.495826549875346e-7, 0.00018793586059473455, 2.6757217597150884e-7
0.9978653788566589, 7.745192078800756e-7, 0.00023987180611584336, 4.852810930877638e-10, 0.0000028534950615721755, 0.001890220446512103, 0.000001074593228622689
0.999464213848114, 4.320187656503549e-7, 0.0002666978689376265, 2.806129287269421e-11, 2.0069721529125673e-7, 0.0002675921132322401, 7.909433747954608e-7
0.9978412985801697, 1.9638189030501962e-7, 0.0020393719896674156, 3.468780818138839e-11, 4.43280718798178e-8, 0.00011910002649528906, 1.0827147178815721e-7
0.9999256134033203, 0.000002486088305886369, 0.00003259695222368464, 1.4878445697696918e-10, 3.8998058471406694e-7, 0.00003851686415146105, 5.07907202518254e-7
0.9998264908790588, 7.568553996861738e-7, 0.00007416099833790213, 1.5443887488308938e-11, 6.21262472577655e-8, 0.00009872416558209807, 2.1477522693658102e-7
0.9999256134033203, 9.212159284288646e-7, 0.000060552152717718855, 1.9947645965578964e-11, 6.107383399012178e-8, 0.000012693482858594507, 2.0856151650150423e-7
0.9997792840003967, 4.799844646186102e-7, 0.00019145614351145923, 1.3599185666457458e-10, 2.4327073333552107e-7, 0.00002867423063435126, 8.958173935980085e-8
0.9976329803466797, 1.0045891940535512e-7, 0.0006709647714160383, 5.092520502514297e-11, 1.5691310295551375e-7, 0.0016953762387856841, 1.7972335797367123e-7
0.999163031578064, 5.179698447932424e-8, 0.00037870544474571943, 4.1834584407762776e-11, 1.6510342959463742e-7, 0.0004577504296321422, 2.498711921816721e-7
0.9995995759963989, 5.438573111860023e-7, 0.00025270733749493957, 1.4142217952262115e-10, 3.0245334414757963e-7, 0.00014680653112009168, 1.7252308737170097e-7
0.9785070419311523, 5.016461841478304e-7, 0.02115396410226822, 6.050419609771041e-10, 0.000006260677764657885, 0.00032956525683403015, 0.0000026720238111010985
0.9999470710754395, 0.0000017712554836180061, 0.000047166198783088475, 3.451187946534873e-11, 9.41001019327814e-8, 0.000003859087428281782, 1.2613620015144988e-7
0.9991558790206909, 2.2957530632083945e-7, 0.000289730989607051, 1.1724429586912333e-11, 7.626108100566853e-8, 0.0005538081750273705, 1.8099404996974044e-7
0.999028205871582, 3.4645680102585175e-7, 0.00040784181328490376, 5.775921060879874e-11, 3.311096108404854e-8, 0.0005633692489936948, 3.163740132094972e-7
0.9996324181556702, 6.73537030593252e-8, 0.00022089947015047073, 6.65515038911213e-12, 3.3708968061318956e-8, 0.00014659222506452352, 5.985140916209275e-8
0.9999876022338867, 0.000001818544092202501, 0.0000035827863484882982, 1.920331775540074e-11, 1.0366932912120319e-7, 0.0000071297772592515685, 9.915905874180453e-10
0.9999914765357971, 2.758093273769191e-7, 0.0000078656776167918, 8.830102447843213e-12, 1.458729599335129e-7, 4.2628670371414046e-7, 1.1439981051353243e-7
0.9999818801879883, 0.000007592435849801404, 0.000009783058885659557, 9.71297833829432e-11, 1.1865283511269809e-7, 6.3859130250421e-7, 1.5300302891319006e-7
0.9998254776000977, 3.721514474364085e-7, 0.00016876599693205208, 1.1299813515441848e-11, 2.12831650969747e-7, 0.000003826673491857946, 0.0000012840768022215343
0.9988829493522644, 0.000003085564458160661, 0.0008831815212033689, 2.7403926350366703e-10, 0.0000013055686167717795, 0.00022659094247501343, 0.0000028428762561816256
0.9977592825889587, 2.3569666041112214e-7, 0.0021550075616687536, 3.7270739272621256e-10, 0.000002780300974336569, 0.00008133248775266111, 0.0000014167684412313974
0.9997292160987854, 1.3194120640491747e-7, 0.00019633007468655705, 1.0834652619529095e-11, 7.313645511430877e-8, 0.00007410366379190236, 5.1766452457968626e-8
0.8893790245056152, 4.4355097372772434e-8, 0.1098918542265892, 6.221848036780386e-11, 3.798306522639905e-7, 0.0007270353380590677, 0.000001706204443507886
0.9990153312683105, 6.371669201143959e-7, 0.0008653092081658542, 5.6571490547607794e-11, 2.926905153799453e-7, 0.00011842972890008241, 2.0463852479224443e-7
0.9649227857589722, 2.1810335226746247e-7, 0.033828526735305786, 9.876707229850012e-10, 0.0000031250335723598255, 0.001238774391822517, 0.00000680676885167486
0.9843370914459229, 1.7265017504541902e-7, 0.015410304069519043, 4.161344047126647e-10, 7.216902986328932e-7, 0.0002395300252828747, 0.000012157603123341687
0.9987896084785461, 3.7775939176754036e-7, 0.0007818482699804008, 6.82822201558686e-11, 1.4078453602905938e-7, 0.00042758372728712857, 5.573902512878703e-7
0.9985043406486511, 1.435411007832954e-7, 0.0013399944873526692, 4.389315300112884e-12, 9.926070276833343e-8, 0.000155207424541004, 1.483705602822738e-7
0.9991678595542908, 0.0000031319575555244228, 0.0006506525678560138, 1.5796279562163562e-10, 6.134459340501053e-7, 0.00017655565170571208, 0.0000012935180393469636
0.9637253880500793, 1.9338649792643992e-7, 0.03550178185105324, 2.676698585002413e-10, 4.4525128828354354e-7, 0.0007478388724848628, 0.00002449913154123351
0.9997339248657227, 2.591527561435214e-7, 0.0002014943747781217, 3.59802430904832e-11, 8.680334673272228e-8, 0.00006386001041391864, 4.020801327442314e-7
0.9985443949699402, 2.814183233112999e-7, 0.0012375630903989077, 7.1413543481502195e-12, 1.6354618992409087e-7, 0.00021715268667321652, 4.012755709936755e-7
0.9784072041511536, 1.5789386509368342e-7, 0.012272769585251808, 4.5361242539954105e-10, 4.6500110784108983e-7, 0.009316067211329937, 0.00000339129314852471
0.9909614324569702, 4.828900657116719e-8, 0.0007727940683253109, 2.7784863299018525e-10, 0.00000864910634845728, 0.008257095701992512, 3.9812352525814276e-8
0.9948520660400391, 1.4577349105593385e-8, 0.004587840288877487, 1.623310687259849e-11, 0.0000015083550124472822, 0.0005584829486906528, 7.67865486750452e-8
0.9961695075035095, 2.587008793852874e-7, 0.000925625441595912, 4.791558261274531e-9, 0.00000992784134723479, 0.002894329372793436, 2.7114856493426487e-7
0.9998999238014221, 8.662576789220111e-8, 0.000031084418878890574, 1.3668961795776369e-11, 8.299919329601835e-8, 0.00006835269596194848, 3.4334746601416555e-7
0.999901294708252, 9.195939014716714e-7, 0.000020447312635951675, 2.702931878317827e-9, 0.0000106662446341943, 0.00006660565850324929, 8.86464235350104e-9
0.9998564720153809, 1.7506843619230494e-7, 0.00007063529483275488, 9.420878521737563e-10, 0.000001742781932989601, 0.00006813363143010065, 0.0000028205488433741266
0.9972108602523804, 1.8579007132757397e-7, 0.0015348539454862475, 4.057155056358397e-9, 0.000010745534382294863, 0.0012424335582181811, 9.881329106065095e-7
0.9920071959495544, 8.676571496835095e-7, 0.007736373692750931, 2.1054460397351704e-9, 0.0000044325197450234555, 0.00023495197820011526, 0.000016107303963508457
0.9999222755432129, 3.0062790301599307e-7, 0.00006981562910368666, 1.1488408314941356e-11, 0.0000012693818689513137, 0.000006240695711312583, 2.1296028052120164e-8
0.9999451637268066, 4.1914464077308367e-7, 0.000015248725503624883, 6.500749938354033e-11, 2.92530756951237e-7, 0.00003868640123982914, 2.400268215296819e-7
0.9996646642684937, 1.3359837680582132e-7, 0.00010839713650057092, 7.254010170321123e-10, 0.000005302181762090186, 0.00022137485211715102, 1.1266038768553699e-7
0.9999675750732422, 5.874300654795661e-7, 0.0000046192153604351915, 1.1533682342523832e-10, 0.0000016015496839827392, 0.00002542332367738709, 8.281636354467992e-8