0.9983091354370117, 0.0004441136261448264, 0.0005224597989581525, 5.8926737267483986e-8, 0.0007121769012883306, 0.000008620042535767425, 0.000003240771093260264
0.9999117851257324, 0.00007696511602262035, 0.000006847729309811257, 1.1750887762840279e-10, 0.0000025737178930285154, 0.0000019264925867901184, 1.7264858342969092e-7
0.9998515248298645, 0.000030968785722507164, 4.035211418340623e-7, 9.085595609192865e-10, 0.000003679844439830049, 0.0001134041158366017, 3.0869520628584723e-7
0.9999499917030334, 3.2693199614186597e-7, 0.000002679679482753272, 2.959606781871571e-9, 0.00001565473576192744, 0.000031485182262258604, 1.7542085117838724e-8
0.9830276966094971, 0.016777174547314644, 0.0001326564815826714, 5.995420826465647e-10, 0.00002661121470737271, 0.00003525266220094636, 4.561646846923395e-7
0.23835985362529755, 0.00040566871757619083, 0.000012415478522598278, 5.788916368487662e-8, 0.000028652686523855664, 0.7611877918243408, 0.000005630785381072201
0.9696640968322754, 0.00350734475068748, 7.121026328604785e-7, 1.4804040660010287e-8, 0.0000049380587370251305, 0.026817424222826958, 0.000005457848146761535
0.9870765805244446, 0.00012054163380526006, 6.794550699851243e-8, 1.5874955516803624e-10, 0.000002559587983341771, 0.012800260446965694, 1.1818348522041333e-9
0.9999189376831055, 0.000030697265174239874, 4.820474259759067e-7, 5.638921551920362e-10, 2.3084598410605395e-7, 0.000049827478505903855, 1.2824584061377209e-8
0.9999833703041077, 0.000005336281901691109, 0.0000029269203878357075, 1.0002133565834015e-9, 2.1257349658299063e-7, 0.000007959944014146458, 1.4059499164886802e-7
0.9999228119850159, 0.000019604074623202905, 0.000003049999349968857, 2.9994744465966505e-9, 0.000003830515652225586, 0.00005064862489234656, 3.118459233064641e-7
0.9905339479446411, 0.000005187709575693589, 0.0000013921736581323785, 6.205976177398043e-9, 0.000006292908437899314, 0.009453042410314083, 1.9777426985001512e-7
0.9999904632568359, 0.000009173425496555865, 1.3556174849327363e-8, 8.397382317499105e-14, 3.032140512004844e-7, 2.0447896531550214e-7, 2.0441304204865673e-10
0.7298356890678406, 0.00013891857815906405, 0.0005030504544265568, 5.361740829101791e-9, 0.00002206054523412604, 0.2694234549999237, 0.00007684701995458454
0.9999885559082031, 0.000011414403161325026, 2.0461038729990833e-7, 5.792424645403166e-15, 3.4622512856685717e-8, 1.3147403166158256e-8, 1.448245551260996e-10
0.999487042427063, 0.00037527515087276697, 0.000010819490853464231, 1.0662283500550984e-8, 0.00000354010899172863, 0.0001211952039739117, 0.0000020169122763036285
0.16834299266338348, 0.024089694023132324, 0.0047020637430250645, 0.0012492584064602852, 0.0021310076117515564, 0.7993782162666321, 0.00010679168190108612
0.4394269585609436, 0.3526146709918976, 0.04701275750994682, 1.4130459646821691e-7, 0.004063346888870001, 0.12385521829128265, 0.03302706405520439
0.9998960494995117, 0.00008885285205906257, 0.000001362356670142617, 1.5657637686405934e-10, 0.0000014252619848775794, 0.00001260758381249616, 6.217974402034088e-8
0.9998927116394043, 0.00003541223122738302, 8.02371857844264e-7, 5.740748676430485e-8, 0.00006941967876628041, 0.0000011772173138524522, 3.138668773772224e-7
0.9997745156288147, 7.268178023878136e-7, 2.621223460508304e-9, 4.2674522249264157e-10, 0.0002250330289825797, 1.1254933873772188e-8, 6.1538010243111785e-9
0.9894236326217651, 0.0025591005105525255, 5.71225939438591e-7, 6.913781991357837e-9, 0.00002902963569795247, 0.007983769290149212, 0.000003740934971574461
0.9998836517333984, 0.0000018161630350732594, 7.235198040689284e-8, 1.1801049026871624e-10, 0.0000013564994105763617, 0.00011341281788190827, 4.819468157890583e-10
0.9999166131019592, 6.818603992542194e-7, 0.000005791265721200034, 1.7428651855055932e-9, 0.00004064582026330754, 0.00003331647894810885, 0.000003136216946586501
0.9828125834465027, 0.0000011428915058786515, 7.041385288175661e-7, 1.7563180076951568e-10, 0.000003038926479348447, 0.0171824861317873, 9.902856135113325e-8
0.9999222755432129, 0.0000021123967144376365, 0.000028076035960111767, 4.6775978645996474e-9, 0.00001949364013853483, 0.000027848553145304322, 2.988091196698406e-8
0.9965503811836243, 1.6577294204012105e-8, 3.8943187519180356e-7, 3.155127895060339e-11, 4.6708490231139876e-7, 0.003448908217251301, 1.3602601267592718e-9
0.8873960971832275, 7.998987427981774e-8, 0.00004697288022725843, 1.7504161453629763e-9, 0.0000030779333428654354, 0.11255374550819397, 1.2238334079484048e-7
0.9999966621398926, 3.9496066506217176e-7, 0.0000015591243709422997, 1.1781688125100942e-10, 6.319705221358163e-7, 9.828926295085694e-7, 1.567824758907932e-9
0.9989184737205505, 4.957618102707784e-7, 0.000021138212105142884, 7.233276755336249e-10, 8.452782367385225e-7, 0.0010586845455691218, 1.9152882657635928e-7
0.999995768070221, 1.2449403641312529e-7, 0.000001640516302359174, 7.182400507677045e-11, 3.018469740823093e-8, 0.000002720897555263946, 1.354734213698805e-9
0.9993460178375244, 0.000003752754309971351, 0.000003911092790076509, 2.7296897381345886e-11, 9.850664355326444e-7, 0.000645377323962748, 7.806803203891377e-9
0.9998188614845276, 0.000018378848835709505, 0.000017634793039178476, 9.585625626584715e-10, 0.000006320498869172297, 0.00013875668810214847, 3.550623128845132e-10
0.9996448159217834, 0.00005907138256588951, 0.000016876578229130246, 1.472893700338318e-7, 0.00004695620737038553, 0.00023189040075521916, 2.119266895306282e-8
0.9999384880065918, 0.000004840213478018995, 0.000003001140157721238, 4.1908373993315706e-10, 1.2322482234594645e-7, 0.00005332356886356138, 5.6878960208450735e-8
0.9991958737373352, 0.0000022627154976362363, 0.00003510859460220672, 2.0197941807964526e-7, 0.00006388048495864496, 0.0007025952800177038, 1.6020093696056392e-8
0.9999790787696838, 0.0000036891094623570098, 0.0000016975980088318465, 3.9335836671261504e-11, 1.3854536007329443e-7, 0.00001578572300786618, 9.847331838841455e-9
0.9998860359191895, 0.000015913910829112865, 0.00007972997991601005, 1.3171952417678767e-10, 0.000017236394342035055, 0.0000010288285920978524, 3.4832424944397644e-8
0.9988181591033936, 2.9865665851502854e-7, 3.6208575693308376e-8, 4.986404084778018e-13, 6.698489869449986e-7, 0.0011807202827185392, 8.265656492589812e-10
0.999967098236084, 0.000005460994998429669, 7.28217273149312e-8, 1.3881307399116888e-13, 0.000004368114787212107, 0.000022721311324858107, 1.5321982971272519e-7
0.9996486306190491, 0.00034827488707378507, 2.76933622700426e-8, 2.7176413788625176e-13, 1.8812482949215337e-7, 0.000002388962684563012, 6.784757147215714e-7
0.9999971389770508, 0.000002643929519763333, 1.9550761010123097e-9, 8.375041112007597e-13, 1.4760088262733007e-8, 1.6563733495900124e-8, 3.9751452129976883e-10
0.9999346733093262, 8.179882797776372e-7, 1.736774066785074e-7, 2.5781796142432256e-10, 3.728911792677536e-7, 0.00006408782064681873, 5.793357260586163e-8
0.9999890923500061, 0.000002420692226223764, 3.120612177553994e-7, 5.130119107299436e-10, 0.0000029301572794793174, 0.000005246966793492902, 1.0147139128946492e-8
0.9999885559082031, 2.001169718823803e-7, 1.6374372080463218e-7, 3.2486091594563504e-10, 8.620716016594088e-7, 0.000010489342457731254, 7.640226229455038e-9
0.9999656677246094, 0.000016326435797964223, 4.005420350949862e-7, 3.3958564849001505e-9, 0.000016937925465754233, 0.0000010076457783725346, 3.9429184361949865e-9
0.9998250603675842, 0.000002732299435592722, 7.562192649857025e-7, 2.231953288855948e-9, 1.0647126913454485e-7, 0.00017150232451967895, 2.2471065008744517e-8
0.9999523162841797, 0.0000045691972445638385, 0.000012075026461388916, 2.434106960436111e-8, 0.000022276737581705675, 0.000008788661943981424, 7.569145310526437e-9
0.9999547004699707, 0.000001920773001984344, 0.0000036811729842156637, 1.768461821427536e-8, 0.00000417379533246276, 0.00003556746378308162, 1.2370636071068475e-8
0.9998297691345215, 0.000020734685676870868, 0.0000024356552330573322, 1.0311777032256941e-7, 0.000005352150765247643, 0.00014156888937577605, 1.5202409997527866e-8
0.9998875260353088, 0.00006896002014400437, 0.000003060991048187134, 3.873179998947762e-9, 0.00000226154020310787, 0.00003830657442449592, 5.52366685724337e-8
0.9998502731323242, 0.00000224522955249995, 0.000010848867532331496, 2.2543462208091114e-8, 0.000005689369572792202, 0.00013098622730467469, 3.330514530830442e-8
0.999969482421875, 0.000018115058992407285, 0.0000016520648387086112, 1.550202100020215e-8, 0.0000040451732274959795, 0.000006779663635825273, 3.745810328581456e-9
0.9999680519104004, 0.000021364126951084472, 0.000002083209437842015, 6.1727862821214785e-9, 0.000006135748662927654, 0.0000024477249098708853, 3.4649210167714273e-9
0.999936580657959, 0.00000768877271184465, 0.000014509973880194593, 6.572389299464021e-9, 0.000012951675671502016, 0.000028099839255446568, 2.1036123953876995e-8
0.999606728553772, 0.0000025984231797337998, 0.00000776039178163046, 2.704504531436669e-8, 9.850950846157502e-7, 0.0003816851240117103, 9.551191837431361e-9
0.9999613761901855, 0.000021411729903775267, 0.0000013423255040834192, 3.0143583185093803e-9, 0.000009070399755728431, 0.000006965111879253527, 1.9201486622932862e-8
0.9999532699584961, 0.000007260148777277209, 0.000002647255769261392, 5.0759375369580084e-8, 0.00000951098081714008, 0.000027170242901775055, 1.001341853879012e-8
0.9999790787696838, 0.00000521691981703043, 8.562355446883885e-7, 4.879161519255604e-9, 0.000003819955963990651, 0.00001092174443328986, 4.1236258851995444e-9
0.9999723434448242, 0.00001135925867856713, 6.894193802509108e-7, 1.380595460176437e-8, 0.000004725976396002807, 0.000011115442248410545, 1.4737430831246456e-8
0.9998469352722168, 0.000001038763457472669, 0.0000019271117253083503, 1.4941562653802976e-8, 0.0000028281810955377296, 0.00014739220205228776, 8.067480017359685e-9
0.9989758133888245, 8.510598377142742e-7, 0.00001928413985297084, 4.602117442686904e-8, 0.000007103226380422711, 0.0009969514794647694, 1.0684876095012896e-8
0.9999442100524902, 0.000008495377187500708, 0.000011691750842146575, 1.574375829704877e-8, 0.000001542590553071932, 0.00003395696694497019, 1.189669873724597e-8
0.9999909400939941, 7.493888460885501e-7, 3.509961743475287e-7, 5.089909049793562e-11, 0.0000014885861219227081, 0.000006695479441987118, 1.6585735007623725e-9
0.999995231628418, 3.4856881825362507e-7, 2.1991299092860572e-7, 4.1897182945227485e-10, 0.000002725156491578673, 0.0000014748501371286693, 1.9012764973513896e-10
0.9999980926513672, 3.437362749991735e-8, 2.862177694851198e-8, 6.888045906219831e-13, 5.7120555396750206e-8, 0.000001980848765015253, 4.148363944023181e-11
0.9999890923500061, 0.0000040877898754843045, 0.0000014612543282055412, 1.804991822673685e-9, 0.0000011632560017460492, 0.000004357674697530456, 9.84216486088485e-10
0.9999761581420898, 0.000006949989710847149, 1.7968321941452814e-8, 1.2224461026777433e-11, 2.2809439315096824e-7, 0.00001674194027145859, 1.997926268870742e-9
0.9999837875366211, 0.000011368018022039905, 0.0000010344356269342825, 7.84758535932184e-10, 0.0000020524137198663084, 0.000002065173703158507, 1.8903110188261962e-9
0.9999804496765137, 1.5401411701532197e-7, 5.244047542873886e-7, 2.942491250657042e-10, 7.058050073283084e-7, 0.00001846853228926193, 1.7576233801719354e-9
0.9999752044677734, 0.000021451753127621487, 6.742693585692905e-7, 7.077112784692474e-10, 5.414968882178073e-7, 0.000002160339363399544, 7.978624871896045e-9
0.9999847412109375, 0.000007115012522262987, 8.20526054212678e-7, 1.1824881074318228e-9, 0.000003390078290976817, 0.000003641105422502733, 4.24460111503322e-8
0.9995347261428833, 0.000013708664482692257, 0.000006051482159818988, 4.675538844978178e-10, 4.4909518237545853e-7, 0.0004448190447874367, 8.538221152321057e-8
0.9992693066596985, 0.000003011047965628677, 0.00009763527486938983, 7.858942581151496e-7, 0.000024641556592541747, 0.0006033263634890318, 0.0000012375575124679017
0.9999527931213379, 0.000022412063117371872, 0.000007977684617799241, 3.790305846962383e-9, 6.740875164723548e-7, 0.000016133548342622817, 3.035164581888239e-7
0.9999847412109375, 0.000004686956799559994, 0.0000011940550166400499, 1.4026749539652883e-8, 0.000007370409548457246, 0.0000018700595774134854, 3.03496392461966e-8
0.9989324808120728, 0.000906804227270186, 0.00008039151725824922, 2.620897943117484e-10, 0.00007573272887384519, 0.000002135201384589891, 0.0000026417562821734464
0.9994394183158875, 0.0004972415626980364, 6.588683731933997e-8, 4.1360040392568465e-10, 0.00006296174979070202, 2.816330990640381e-8, 3.4937947646085377e-8
0.9789870381355286, 0.020974868908524513, 8.625128344874611e-8, 7.60832374879783e-9, 0.00003735806967597455, 3.5659257946463185e-7, 1.3155765543615416e-7
0.9980887770652771, 0.0018845798913389444, 4.547508680730061e-8, 4.382930463009416e-9, 0.000025647656002547592, 5.982917627989082e-7, 4.860007720708381e-7
0.9989372491836548, 0.0010566827841103077, 5.40366215773247e-7, 2.1073620626310685e-9, 0.00000393864092984586, 0.000001666091634433542, 2.7848962247389863e-8
0.9995900392532349, 0.0004003278154414147, 2.0176564419216447e-7, 1.6055843321538532e-9, 0.000007438257398462156, 0.0000015594295064147445, 2.2060109472477052e-7
0.9999737739562988, 0.000015541532775387168, 1.7550179620684503e-7, 5.27824894902551e-9, 0.0000041525277083565015, 0.000006518839199998183, 7.069509422308329e-8
0.9999538064002991, 0.000013739000678469893, 5.494605943567876e-7, 1.6729763407941078e-10, 0.0000012325707530180807, 0.00003071035462198779, 7.502355003907724e-8
0.9999895691871643, 0.000008204696314351168, 2.85800698662797e-8, 1.044779748826663e-10, 0.0000018627507643032004, 3.1248274012796173e-7, 4.3565112406440676e-8
0.9994880557060242, 0.00041322532342746854, 0.000004425106908456655, 5.2810409378878376e-9, 0.0000017122899862442864, 0.00009235089964931831, 3.3637468277447624e-7
0.999276876449585, 0.0006684312829747796, 0.000024761344320722856, 3.995076838791967e-12, 0.000029213786547188647, 6.392121463250078e-7, 4.853651347502819e-8
0.5708429217338562, 0.021359097212553024, 0.0010987045243382454, 9.422384295021402e-8, 0.00001019835144688841, 0.40612533688545227, 0.0005636318819597363
0.7068356275558472, 0.29312625527381897, 0.0000110850496639614, 1.6533893698600366e-10, 0.00002000217318709474, 0.000006135416242614156, 0.0000010219068826700095
0.999789297580719, 0.000015466328477486968, 4.575472445367268e-8, 7.876668206563409e-9, 0.000004240562702761963, 0.00019112168229185045, 3.117952118714129e-8
0.9783246517181396, 0.020273637026548386, 0.0000013423947393675917, 2.4083291805254703e-8, 0.000037722635170212016, 0.0013620432000607252, 4.523188295024738e-7
0.8809669613838196, 0.11902526021003723, 0.000004861781235376839, 1.4678164933501492e-11, 0.0000022917288333701435, 4.912039912596811e-7, 1.6565069316243353e-8
0.6336462497711182, 0.3647940456867218, 0.00031245045829564333, 5.134393177286256e-8, 0.00004070905924891122, 0.0012054410763084888, 0.000001119657667913998
0.9195515513420105, 0.04434032365679741, 0.0024727974086999893, 0.000037628244172083214, 0.0010191119508817792, 0.031121650710701942, 0.0014571478823199868
0.003870355896651745, 0.836300790309906, 0.052642256021499634, 0.0000437363596574869, 0.0768914446234703, 0.02650039829313755, 0.003751101903617382
0.9932592511177063, 0.005688129458576441, 0.0000057086504057224374, 1.6913725175982108e-7, 0.00007899938646005467, 0.0009674117900431156, 4.6587180690949026e-7
0.9999080300331116, 0.000026262005121679977, 0.0000035304342418385204, 6.647701833450981e-11, 0.000002094122237394913, 0.000058675901527749375, 0.0000016199871879507555
0.9985768795013428, 0.00037310735206119716, 0.0005196859710849822, 0.0000027583446353673935, 0.00032628056942485273, 0.00001918506677611731, 0.00018210387497674674
0.9996557831764221, 0.00001445441012037918, 0.00009632105502532795, 3.29346683258791e-8, 0.00006618467159569263, 0.00015893000818323344, 0.000008210598934965674
0.9979410171508789, 0.0000029043437734799227, 0.0010499783093109727, 2.7750866493647663e-8, 0.000926442036870867, 0.00006372902862494811, 0.00001587795304658357
0.9995782971382141, 0.0000065230033214902505, 0.0003082840412389487, 3.377503077217625e-8, 0.00007150303281378001, 0.000030880619306117296, 0.000004402192644192837
0.9999580979347229, 6.104646104176936e-7, 0.000009589084584149532, 1.0630881730477881e-9, 0.00002355111610086169, 0.000008204511686926708, 2.0860012384105175e-8
0.9999518990516663, 0.0000379055090888869, 0.0000021208168163866503, 4.3864839538443334e-10, 0.0000034459756079741055, 0.000004589460331771988, 3.161524375627778e-8
0.999995768070221, 1.2842093610743177e-7, 2.403964671771064e-8, 6.720268092008652e-11, 4.894233711638662e-7, 0.000003569467935449211, 1.6605437858085992e-10
1, 2.482377112755785e-7, 1.822554107633323e-9, 1.13976089308708e-13, 1.87409909813141e-8, 1.1863165383374508e-7, 4.6727274827240706e-11
0.9976702928543091, 9.731382988320547e-8, 0.001483088475652039, 9.120628874370595e-8, 0.00002524011506466195, 0.0008203485631383955, 6.633889597651432e-7
0.999995231628418, 9.199635542245233e-7, 0.0000012808620795112802, 1.8259961685057613e-12, 0.000002161787733712117, 2.506086502762628e-7, 4.478009907327163e-10
0.9999947547912598, 0.0000010504720648896182, 7.098786340975494e-7, 5.5149041583435476e-11, 0.0000018341517034059507, 0.0000017186198419949505, 1.3886077843139333e-9
0.9998188614845276, 0.000022642490876023658, 0.00005633897671941668, 3.459126735050333e-11, 0.000036144312616670504, 0.00006612711877096444, 3.869638121045682e-8
0.9733810424804688, 0.000015325525964726694, 0.0058157676830887794, 6.956204856578552e-8, 0.00011513180652400479, 0.020669234916567802, 0.0000034863612654589815
0.8301568031311035, 0.000001767293042576057, 0.0016519268974661827, 1.5909369821542896e-8, 0.000011243703738728072, 0.16816167533397675, 0.00001664214869379066
0.9998631477355957, 9.319642835237119e-9, 0.000006852438673377037, 1.9983520047062164e-12, 1.5533102271092503e-7, 0.00012977299047634006, 1.7230951110391857e-9
0.999426007270813, 2.2492107731864053e-8, 0.000038210975617403165, 3.4582947616712545e-11, 2.722977683333738e-7, 0.0005353377782739699, 7.042065597318015e-9
0.9952254295349121, 7.52568951156718e-7, 0.000004241476744937245, 1.2214639022456453e-11, 7.786156288602797e-7, 0.004768753424286842, 1.4149547311603783e-8
0.9997906684875488, 5.887386009817419e-7, 0.00003099735840805806, 1.1170039337926596e-9, 9.621148819860537e-7, 0.0001764600892784074, 9.48343412687791e-8
0.999875545501709, 4.0645904419989165e-8, 0.000002233115765193361, 3.526782199614331e-10, 5.9100955240865e-7, 0.00012157465243944898, 1.2217755696042332e-9
0.9875256419181824, 0.0030344296246767044, 0.0007665762095712125, 0.00026937274378724396, 0.0006692938623018563, 0.007712709251791239, 0.00002209364356531296
0.9991456270217896, 1.891333170078724e-7, 0.000010864857358683366, 2.7702959370934366e-10, 0.000005403590876085218, 0.0008369696442969143, 8.893307494872715e-7
0.9999699592590332, 0.0000016768955219959025, 0.0000070717801463615615, 3.281245761210805e-11, 2.906137694935751e-7, 0.000020639114154619165, 6.442866720135498e-7
0.9999818801879883, 6.529249958475702e-7, 0.000002793543217194383, 7.092840204059314e-12, 0.000013904427760280669, 5.808111609439948e-7, 2.1006443251536666e-9
0.9999971389770508, 7.184393098214059e-7, 1.8935975276690442e-7, 1.508076163947436e-10, 0.000001575945930198941, 3.688231799969799e-7, 1.4440966200623961e-9
0.9999914765357971, 7.409441309391696e-7, 1.4680414661683017e-9, 1.0094087891932002e-11, 0.0000075315415415389, 2.5139478054825304e-8, 4.738208159160706e-10
0.9994156360626221, 0.00013637648953590542, 0.0000026900122520601144, 8.820615349236505e-9, 0.00044421726488508284, 0.0000011911176898138365, 1.6831124938221365e-8
0.9994146227836609, 0.00013609137386083603, 0.0000022235617507249117, 1.8157358949721925e-9, 0.0004466907412279397, 1.23813691743635e-7, 5.374138822844543e-8
0.999918520450592, 0.000055229029385372996, 3.4734608789221966e-7, 1.700927731995705e-9, 0.000025895749786286615, 3.320024859476689e-7, 4.760951632931665e-9
0.9995714426040649, 0.00006681300146738067, 0.0000013316034710442182, 1.227729296005009e-8, 0.0003601797216106206, 3.252123690344888e-7, 8.696784625783494e-9
0.999674379825592, 0.00017814605962485075, 0.000001514273321845394, 1.1563393575997338e-9, 0.00014560089039150625, 2.20816730234219e-7, 2.43208351236035e-8
0.9993884563446045, 0.0005062318523414433, 0.0000019233930288464762, 3.5892584460128774e-9, 0.00010280895367031917, 4.682324288296513e-7, 5.8050339646342763e-8
0.9996544122695923, 0.00023507641162723303, 0.000001791724798749783, 2.0645952503173248e-8, 0.00010738198761828244, 0.000001260690169146983, 1.720820819173241e-8
0.9999551773071289, 0.00003261385063524358, 2.723305385643471e-7, 1.0073663014864565e-9, 0.000011607610758801457, 4.143676619605685e-7, 2.0627128893835334e-9
0.9998412728309631, 0.00010685580491553992, 3.6144007253824384e-7, 1.7460478896058618e-10, 0.000051772229198832065, 4.0557551983511075e-8, 3.2498761459720527e-9
0.9999866485595703, 0.000009413891348231118, 5.255263317849312e-7, 3.762298632359329e-12, 0.000003568986812751973, 7.492224796123992e-8, 4.426254640588212e-10
0.9711844325065613, 0.004851263482123613, 0.005298797972500324, 0.0009999710600823164, 0.0032946961000561714, 0.014140916988253593, 0.00023007600975688547
0.9997830986976624, 0.0000013102477396387258, 0.0000017137507484221715, 4.05842612849483e-8, 0.00006205765384947881, 0.00015155809524003416, 1.6321506279837195e-7
0.8206309080123901, 0.0004801236791536212, 0.008052654564380646, 0.0043932972475886345, 0.1461743712425232, 0.006150893401354551, 0.014117749407887459
0.9999990463256836, 9.98655380612945e-8, 1.091177370682317e-9, 8.080311593439138e-13, 4.297197051528201e-7, 2.1175333486667114e-8, 1.046101053003845e-10
0.9999961853027344, 2.5860138919142628e-8, 2.1728425281253294e-7, 4.126549796312773e-11, 0.0000017707731103655533, 0.0000020259183202142594, 1.6441209504947096e-10
0.9999756813049316, 0.000003035489271496772, 0.000013475192645273637, 4.081127102928406e-10, 0.000004281398105376866, 0.0000034827862691599876, 3.3831476287105033e-8
0.9998025894165039, 0.000015968760635587387, 0.000030151468308758922, 3.0052618171794165e-8, 0.00003976184962084517, 0.00011133104999316856, 2.8270110874473175e-7
0.9997115731239319, 0.00008463756967103109, 0.0000324220018228516, 2.626593664789567e-10, 0.0000021846292383997934, 0.00016906110977288336, 4.826647526101624e-8
0.9999209046363831, 0.000026350064217695035, 0.0000036604260458261706, 2.3649826541571883e-9, 7.655928015992686e-7, 0.00004832374179386534, 7.68607044676628e-9
0.9997788071632385, 0.00007484170055249706, 0.000021982255930197425, 5.541624048532867e-8, 0.00009322894038632512, 0.0000311756411974784, 5.472205089063209e-8
0.9999980926513672, 7.170083904384228e-7, 1.4046290353064705e-8, 7.980260896545133e-11, 8.633695642856765e-7, 3.422502459216048e-7, 2.2845265956750183e-10
0.9999918937683105, 0.000001835665443650214, 0.00000127152168261091, 7.646977495667784e-11, 0.0000037352072013163706, 0.0000013800606666336535, 1.5996052260547344e-9
0.9998288750648499, 0.000055512035032734275, 0.000059702666476368904, 1.3573158152979659e-9, 0.00003522915721987374, 0.00002052226227533538, 8.294117392892986e-9
0.9977224469184875, 8.677581035954063e-7, 0.0010453714057803154, 3.5481029669881536e-8, 0.000006227854555618251, 0.0012240232899785042, 0.0000012354093996691518
0.999967098236084, 0.000004271210400474956, 0.000006460214535763953, 5.214714215995286e-10, 0.000013614905583381187, 0.00000866436221258482, 3.132065495847769e-9
0.9998717308044434, 9.881982805381995e-7, 0.00010081267828354612, 1.72725078684266e-9, 0.000011699141396093182, 0.000014643640497524757, 1.2585419817412458e-8
0.9960348606109619, 0.000001526964638287609, 0.0029560395050793886, 1.0625372937056454e-7, 0.00024965472402982414, 0.0007568433065898716, 0.000001058692419064755
0.9880884289741516, 8.11969641745236e-7, 0.0030497086700052023, 7.309576233183179e-8, 0.0002069262118311599, 0.008651955984532833, 0.000002202350742663839
0.99029940366745, 0.0003516919387038797, 0.0006689488654956222, 2.5193611463691923e-7, 0.008528649806976318, 0.00003912152533303015, 0.00011196221021236852
0.9993569850921631, 0.000011759105291275773, 0.0005048994207754731, 2.407014676464314e-8, 0.00004199840986984782, 0.00008232479012804106, 0.0000018740344103207462
0.999931812286377, 0.0000055238929235201795, 0.00005858977965544909, 1.3956016897687107e-11, 0.0000034897414025181206, 4.2150190893153194e-7, 1.0320232490812487e-7
0.9999637603759766, 0.0000011166242757099099, 0.000014645654118794482, 2.4833424205894516e-10, 0.0000011252388958382653, 0.000019288181647425517, 2.1847304410016477e-8
0.999995231628418, 0.0000016401476159444428, 0.0000015270192079697154, 9.344146550266386e-13, 1.418177788536923e-7, 0.0000011017797305612476, 7.727753992270436e-10
0.9961729049682617, 0.000035711764212464914, 0.0000015200981806628988, 6.53886544910165e-8, 0.00006917483551660553, 0.0037206674460321665, 1.9504419412896823e-8
0.9997897744178772, 0.000001488737666477391, 0.000004292444373277249, 1.8632264620066508e-9, 0.000013146549463272095, 0.0001904416858451441, 8.386672902815917e-7
0.9998903274536133, 0.00009659810893936083, 0.00000494436289955047, 4.186346408419084e-11, 0.0000075607131293509156, 5.914996563660679e-7, 1.3029340939496592e-9
0.999845564365387, 0.000006286215011641616, 0.00006708384171361104, 1.789674852759049e-9, 0.000017221769667230546, 0.00006354108336381614, 1.884606461999283e-7
0.9992411732673645, 0.0007575896452181041, 2.2282911515958403e-8, 3.4963416710442896e-13, 8.466751637570269e-7, 3.248102018460486e-7, 7.859088935191494e-10
0.6958944201469421, 0.0018419494153931737, 5.963427724964276e-7, 3.064506159944358e-8, 4.016019943264837e-7, 0.30219927430152893, 0.00006333886994980276
0.9376705884933472, 0.035636886954307556, 0.000006943331300135469, 2.747797012148112e-8, 0.00000932738203118788, 0.0266472976654768, 0.000028868469598819502
0.9938303232192993, 0.005810476373881102, 6.394074034687947e-7, 1.38067224320082e-10, 0.000004505176548263989, 0.0003541515616234392, 4.4574957058785e-8
0.9996291399002075, 0.0003629423736128956, 7.679974487473373e-7, 2.3764729073505464e-10, 0.0000019065997776124277, 0.00000510017343913205, 2.0747904727613786e-7
0.9815406203269958, 0.018442336469888687, 9.996024630254396e-8, 2.304754831428113e-9, 2.7330690954840975e-7, 0.000016933692677412182, 1.0337330991205818e-9
0.9998607635498047, 0.0001350970851490274, 9.244894627613576e-9, 8.249215893707529e-11, 1.6477590847330248e-8, 0.000004362603249319363, 1.8557259895413125e-10
0.9998417496681213, 0.0001526145206298679, 3.4529993087062394e-8, 9.964411518126326e-10, 3.656392664197483e-7, 0.000005398307166615268, 1.2569971730158613e-8
0.9999513626098633, 0.0000486469070892781, 1.2261784831935074e-7, 8.376812698357439e-13, 7.501829202283261e-8, 1.8793217293477937e-7, 1.6754155007792093e-10
0.9996405243873596, 0.0003557527088560164, 3.633618064213806e-7, 3.271482390543312e-11, 4.0837008441485523e-7, 0.00000302275839203503, 5.653963075502588e-9
0.9995604753494263, 0.00009833870717557147, 0.0003013793902937323, 2.1295748497962563e-10, 0.000014416393241845071, 0.000025478457246208563, 9.74771108275263e-9
0.9999918937683105, 0.000004068901944265235, 3.5488395155880426e-7, 2.6758354212952362e-11, 1.2850212272041972e-7, 0.0000035335440315975575, 3.7543876341139537e-10
0.999971866607666, 0.000011515518053784035, 0.000001716233441584336, 1.732776769292066e-11, 1.323225546911999e-7, 0.000014755872143723536, 1.1699344826254787e-9
0.9998736381530762, 7.982992542565626e-7, 0.000013722027688345406, 3.3008776267884343e-11, 2.285066926788204e-7, 0.00011164884199388325, 6.462129054085608e-9
0.9996638894081116, 0.00004867765892413445, 0.00003982113776146434, 1.519238423952629e-8, 0.000002042838559646043, 0.00024553510593250394, 1.0327602950610526e-7
0.9936113357543945, 0.00005170191070646979, 0.0000024224946173490025, 8.274053109325052e-10, 6.395054583663295e-7, 0.006333907134830952, 5.688429993710997e-8
0.9959974884986877, 0.0035120195243507624, 0.00010570014273980632, 5.812436825181067e-7, 0.000055636610341025516, 0.00032602358260191977, 0.0000025886886305670487
0.002833103761076927, 0.0032128538005053997, 0.000016169391528819688, 1.7404266472453855e-8, 0.00008333729056175798, 0.9937736392021179, 0.00008086346497293562
0.9999527931213379, 0.000025612924218876287, 0.00000717452121534734, 1.6917350853518087e-10, 0.0000028805241072404897, 0.000011484941751405131, 1.219717660205788e-8
0.9999794960021973, 0.000005099472218716983, 2.6913534156847163e-7, 1.3615772398445358e-10, 0.00001183323092845967, 0.000003248398115829332, 7.040660054968839e-9
0.9999990463256836, 7.736809948255541e-7, 6.872562519077974e-9, 1.229280674648614e-12, 8.887841573823607e-8, 5.1481915619433494e-8, 9.281390100923659e-10
0.9999799728393555, 0.00002006470640480984, 6.017599929464268e-8, 5.065661431991053e-13, 1.2665070769912745e-8, 8.805363194142046e-8, 8.02892952123102e-9
0.999904215335846, 0.0000037077534216223285, 0.00007021036435617134, 1.4127977954192517e-10, 2.0157447977453558e-7, 0.00002153411514882464, 4.0694029479482197e-8
0.9971973299980164, 0.002183315111324191, 0.0000626536420895718, 7.494958964571197e-8, 0.0005514409858733416, 0.000002252689455417567, 0.0000029667637591046514
0.999613344669342, 0.0001033559165080078, 0.00023611533106304705, 9.792738353553432e-8, 0.000034850269003072754, 0.00000912936229724437, 0.000003171915068378439
0.9999651908874512, 0.000011608608474489301, 0.00001779959893610794, 5.86214454756373e-9, 0.0000018051991901302245, 0.0000033377916679455666, 1.8789067723901098e-7
0.9999971389770508, 0.0000013981665460960357, 7.144516303014825e-7, 4.4614875682746913e-10, 6.762870157217549e-7, 1.3328470060969266e-7, 1.485051797089909e-7
0.9999699592590332, 0.00001011615495372098, 0.000009247301932191476, 3.180132779334599e-8, 0.000008143874765664805, 0.0000020250802208465757, 2.7645842237689067e-7
0.9999861717224121, 0.0000014050839354240452, 0.000006254721029108623, 4.828383470822928e-9, 8.756268812248891e-7, 0.00000523064227309078, 8.930751960178895e-8
0.9999179840087891, 4.8262137397614424e-8, 0.00003917442154488526, 7.638247367935946e-9, 0.0000017774037814888288, 0.000041023802623385563, 2.651827060162759e-7
0.9998612403869629, 0.000037774410884594545, 0.000063575993408449, 1.9629572634016768e-8, 0.000003306502549094148, 0.00003335131623316556, 7.225017952805501e-7
0.9994913339614868, 0.00017782309441827238, 0.0002997016126755625, 3.0402208750501813e-8, 0.000012414986485964619, 0.00001790983515093103, 8.036968210944906e-7
0.9952650666236877, 0.000004802999228559202, 0.0039031938649713993, 0.0000015819808822925552, 0.000013308730558492243, 0.0008099747356027365, 0.000002026033598667709
0.999700129032135, 0.0000046677682803419884, 0.0002628458314575255, 4.557005439664863e-9, 0.00000359371642844053, 0.000028476517400122248, 1.893404686370559e-7
0.9973727464675903, 0.00000360724925485556, 0.0018085946794599295, 1.0847621467746649e-7, 0.000041245821194024757, 0.0007719608256593347, 0.0000016124060948641272
0.9995242357254028, 0.0000439960858784616, 0.00038748077349737287, 7.835507354059246e-9, 0.000012184410479676444, 0.000031064228096511215, 0.0000012103524795747944
0.9981354475021362, 5.245739771453373e-7, 0.0006158454925753176, 1.3486101124726702e-8, 0.000013289319213072304, 0.0012345570139586926, 2.4287481892315554e-7
0.9760338664054871, 0.00002502263851056341, 0.01159077137708664, 2.892843831148184e-8, 0.0004335925623308867, 0.011891250498592854, 0.00002546699033700861
0.931862473487854, 0.00020207928901072592, 0.023626839742064476, 0.0000030847570542391622, 0.0003012883535120636, 0.043925900012254715, 0.00007848361565265805
0.9995523691177368, 5.79838363989893e-8, 8.231837114180962e-7, 2.4994492586749573e-10, 1.6313654782607045e-7, 0.0004464876255951822, 1.7398259899437107e-7
0.9996934533119202, 1.9976830856194283e-7, 0.0002519037516321987, 1.277243533159833e-9, 7.622548992003431e-7, 0.00005346665784600191, 3.364618805790087e-7
0.9999685883522034, 0.0000012935898894284037, 0.000020284805941628292, 4.613131925068625e-12, 0.000001793424075913208, 0.00000822284164314624, 2.59477106467898e-9
0.9986124634742737, 0.00002566714283602778, 0.0010885315714403987, 6.945893460397201e-8, 0.00018469910719431937, 0.000076650881965179, 0.000012064766451658215
0.9999933838844299, 0.0000030087637696851743, 0.0000014226508255887893, 1.1962232961994224e-13, 8.858361866259656e-8, 0.0000018463138076185714, 5.718508999663641e-10
0.9997758865356445, 0.0001972719473997131, 0.000005772842996520922, 2.6941624042819967e-8, 0.000003808463816312724, 0.00001697905463515781, 2.673674259767722e-7
0.9864715337753296, 0.013528116047382355, 1.0336577815905912e-8, 1.7512449823620102e-12, 4.073315835739777e-7, 5.4953326333873065e-9, 3.0467071088224884e-9
0.9268006086349487, 0.0702035054564476, 0.00013681106793228537, 0.00005635357592836954, 0.0026979988906532526, 0.00008562252332922071, 0.000019188224541721866
0.9886060953140259, 0.011393764056265354, 8.506628290660956e-9, 5.840445904681246e-10, 9.963870439833045e-8, 2.700520695952946e-8, 1.2051171172089425e-10
0.9980649948120117, 0.0019338901620358229, 1.7031686638802057e-7, 2.5240590867392498e-11, 6.406317538676376e-7, 2.8049976208421867e-7, 3.318195274104596e-9
0.9999198913574219, 0.00007813895354047418, 2.122996534126287e-8, 4.743511139437828e-11, 0.000001339145569545508, 5.630048462990089e-7, 4.541909209843098e-11
0.9999065399169922, 0.0000911924071260728, 9.472269368870911e-8, 1.4405747428281046e-11, 0.0000025374081360496348, 1.6679386760642956e-8, 7.499222076656764e-11
0.9997625946998596, 0.0002333498268853873, 1.1505840546988111e-7, 1.330236702040688e-12, 0.0000010246234296573675, 0.0000027301582576910732, 3.0694327080027506e-8
0.9997459053993225, 0.00016944609524216503, 0.0000036645176351157716, 1.559805062889552e-10, 0.000006411460617528064, 0.00007387286314042285, 6.772721121706127e-7
0.999971866607666, 0.00001754572440404445, 0.0000017513950751890661, 1.61681241311884e-11, 1.6353516230083187e-7, 0.000008908251402317546, 5.9400901974981934e-9
0.9990324974060059, 0.000019569104551919736, 0.0000015980027683326625, 9.266125644558088e-10, 0.0000057638671933091246, 0.0009405437158420682, 2.3612926725036232e-7
0.9999251365661621, 0.0000026713209990703035, 0.0000023227441943163285, 1.4810266901754687e-10, 3.984921193023183e-7, 0.00006925980414962396, 3.6752985010934935e-7
0.9996076226234436, 0.0000053968083193467464, 0.000005347348178474931, 3.375793811155603e-10, 4.92643948746263e-7, 0.00038021194632165134, 6.945048198758741e-7
0.9999457001686096, 0.000036889287002850324, 4.51718847216398e-7, 2.0693557978290755e-11, 0.0000011241326092203963, 0.00001590198553458322, 8.91822171666945e-9
0.9996553063392639, 0.000040665167034603655, 0.000004737631115858676, 9.787083365964122e-10, 0.0000018651633126864908, 0.00029706372879445553, 1.645862681698418e-7
0.9999904632568359, 0.000007900278433226049, 2.707369901600032e-7, 5.059798066642252e-13, 4.311685941615906e-8, 0.000001271577161787718, 8.978343624121976e-10
0.9996162056922913, 0.0001449499832233414, 0.0000010894748356804485, 5.58405988115851e-10, 0.000006468213996413397, 0.00023128616157919168, 2.787788000446767e-9
0.9999866485595703, 0.000010550385013630148, 3.1076638151716907e-7, 1.846968541649452e-12, 1.5296924971153203e-7, 0.0000022611186523135984, 3.5048428048689573e-10
0.9868005514144897, 0.000016710693671484478, 0.0095682917162776, 0.000017325781300314702, 0.0005124087911099195, 0.003080941503867507, 0.00000371501050722145
0.9998860359191895, 0.00004308143979869783, 0.000021497007764992304, 3.5149122501465513e-10, 0.00002666049840627238, 0.0000229420984396711, 2.7337126340398754e-8
0.9999794960021973, 0.000011055382856284268, 0.000002028968765444006, 2.719024727593222e-10, 0.000004727801297121914, 0.0000028647516501223436, 2.8320577882823272e-8
0.9999542832374573, 0.000042611933167790994, 0.000002038063712461735, 4.863975108099217e-12, 4.044820229864854e-7, 5.51539926618716e-7, 8.885598923313864e-10
0.9999904632568359, 0.0000018674455759537523, 6.567342438756896e-7, 2.1115313664221702e-10, 0.000004139427801419515, 0.0000026770803742692806, 7.109588029408087e-9
0.9997678399085999, 0.00017758310423232615, 0.000022287033061729744, 1.8051660166662487e-9, 0.00002702229357964825, 0.0000054418237596109975, 5.614728948444281e-8
0.9993233680725098, 0.000060479149396996945, 0.00008541714487364516, 2.324344938742229e-9, 0.000004715447630587732, 0.0005142320296727121, 0.000011682757758535445
0.9995962381362915, 0.000003230675474696909, 0.00003273809124948457, 1.408253069712373e-9, 0.000008451452231383882, 0.0003592139109969139, 1.704330969687362e-7
0.9999313950538635, 0.000003779232201850391, 0.00003296870636404492, 8.621937191977125e-11, 0.0000014000717101225746, 0.000030501159926643595, 9.78408198903935e-9
0.9999942779541016, 0.000005782574589829892, 9.057674610346567e-9, 1.2923680409258204e-13, 8.011317831346787e-9, 4.332645797688883e-9, 1.5230695282753004e-7
0.01806613989174366, 0.018328605219721794, 0.6680727601051331, 0.00002611582567624282, 0.0040890430100262165, 0.06962542235851288, 0.22179190814495087
0.9707809686660767, 0.0000029944303605589084, 0.004363718908280134, 0.000005533094736165367, 0.0007018544129095972, 0.024132050573825836, 0.0000129772142827278
0.9997521042823792, 0.00004707574407802895, 0.00001825513936637435, 2.1597486021818213e-9, 0.0001461225183447823, 0.0000363310391549021, 1.4831838868190061e-8
0.9999418258666992, 0.000012929588592669461, 0.000004122110112803057, 2.7467583763041148e-9, 0.000004097599685337627, 0.00003701122113852762, 2.3338193955169118e-7
0.9986324310302734, 0.0000021778264454042073, 4.073832826634316e-7, 9.726365988171892e-7, 0.000028516149541246705, 0.0013346674386411905, 0.0000010165224466618383
0.9999938011169434, 0.000004577910203806823, 7.327146889224423e-9, 9.978516901654189e-10, 0.0000011990888424406876, 3.606667746680614e-7, 5.64658275692409e-9
0.9999662041664124, 0.000029806849852320738, 5.352250127543812e-7, 1.1024458256014835e-11, 0.0000013061159052085713, 0.00000226389738600119, 8.09702438431259e-9
0.9999662041664124, 0.000008571494618081488, 0.00000439362202087068, 1.996883353116985e-10, 0.000014118058970780112, 0.00000686208431943669, 4.046954771297351e-8
0.9999947547912598, 2.518698352105275e-7, 1.1372184083313641e-8, 5.320285444837536e-12, 8.256076853285776e-7, 0.00000440207622887101, 2.0187640448199318e-9
0.9998202919960022, 0.000024335224225069396, 0.00002939201112894807, 6.8694832044968734e-9, 0.0000973305432125926, 0.000025218367227353156, 0.000003392983899175306
0.9995137453079224, 0.000029397373509709723, 0.0000040204927245213185, 1.3320772929148461e-8, 0.00011303724022582173, 0.00033552563400007784, 0.000004300999080442125
0.9999003410339355, 0.00003410541467019357, 0.0000018714223415372544, 1.0439678010953912e-9, 0.0000304988025163766, 0.000033035921660484746, 2.8821091291320045e-7
0.9999433159828186, 0.000004150387212575879, 6.399189942385419e-7, 3.2003527605795057e-10, 0.000005733481430070242, 0.000045954315282870084, 5.819603288159669e-8
0.9999290108680725, 0.000008342118235304952, 0.0000011927329524041852, 5.229744415302662e-10, 0.00000865641595737543, 0.00005276901356410235, 5.5731515402612786e-8
0.9998727440834045, 0.0000032887801353354007, 0.0000010846114264495554, 2.0703053160708862e-10, 0.000010934906640613917, 0.00011187225027242675, 2.5539501180560364e-8
0.9992340207099915, 1.5667222896809108e-7, 0.00007761550659779459, 1.7276733377258324e-9, 0.000002673175686140894, 0.0006818427355028689, 0.0000036065434869669843
0.996510922908783, 0.000005330774911271874, 0.0006418686243705451, 3.260449830122525e-7, 0.00008289927791338414, 0.0027585411444306374, 2.2991154935425584e-7
0.9994913339614868, 0.00013566616689786315, 0.000021658113837474957, 1.056970955204406e-8, 0.00034723078715614974, 0.0000040507925405108836, 6.721857204183834e-8
0.9995166063308716, 0.000008348948540515266, 0.00017396474140696228, 2.116962427578528e-8, 0.00014217584975995123, 0.00015534691920038313, 0.0000033179624097101623
0.9994589686393738, 4.6084920768407756e-8, 0.0000038467860576929525, 2.563161349833365e-10, 0.000014074394130147994, 0.0005229739472270012, 8.211620183828927e-8
0.9998169541358948, 0.00005358724592952058, 0.000055386644817190245, 3.431269490761224e-9, 0.00006538812158396468, 0.00000870262647367781, 6.062036561615969e-8
0.99587082862854, 4.7105191924856626e-7, 0.00039838539669290185, 3.81348250755309e-8, 0.000032464809919474646, 0.0036969452630728483, 7.177301313276985e-7
0.9998741149902344, 0.000058791210904018953, 0.00003371792263351381, 3.0659610406047477e-9, 0.00003174937955918722, 0.0000018414846181258326, 9.408206125272045e-8
0.9998564720153809, 0.000021953677787678316, 0.000048622085159877315, 3.779492718791744e-9, 0.00007081865624058992, 0.0000019726739992620423, 1.2004498728401813e-7
0.9995446801185608, 0.0000059496542235137895, 0.00008024842827580869, 1.1405821176424524e-8, 0.00005356741166906431, 0.000315263110678643, 1.4248927016069501e-7
0.9999699592590332, 0.0000029366183298407122, 0.000004333922788646305, 1.5010465093112657e-10, 0.00000871908287081169, 0.000014352211110235658, 4.44550174449887e-9
0.999580442905426, 0.00033180497121065855, 0.000013443412171909586, 1.3260118558733325e-9, 0.00006667288107564673, 0.000007211599495349219, 3.77634563619722e-8
0.9998922348022461, 0.0000018533032744016964, 0.00000690975139150396, 3.109776602894243e-10, 0.0000021706975985580357, 0.00009692258754512295, 3.1286635504557125e-8
0.9996829628944397, 0.000015601852282998152, 0.0001627883466426283, 5.975487482601238e-8, 0.00010179862147197127, 0.00003672478487715125, 1.5174197187661775e-7
0.9999346733093262, 0.00003023477620445192, 0.000014381043001776561, 5.677333603237855e-10, 0.00001689210330368951, 0.000003557416903277044, 7.304417959375087e-9
0.9997249245643616, 0.00022088896366767585, 0.000001299659970754874, 1.3323310510404696e-10, 0.00001565758248034399, 0.00003754744466277771, 4.653769369866723e-9
0.9982454180717468, 0.0000016097649222501786, 0.001063724746927619, 7.491224351952042e-8, 0.0001712890953058377, 0.0005171927623450756, 7.133209578569222e-7
0.9998965263366699, 0.000006561735517607303, 0.00003288964944658801, 1.6982425465883466e-9, 0.000045168533688411117, 0.00001868408617156092, 5.7035286715745315e-8
0.999466598033905, 0.00015133754641283303, 0.00012613994476851076, 1.0713094411585189e-8, 0.000045305310777621344, 0.00021059591381344944, 1.744430164762889e-7
0.9997144341468811, 3.367720466940227e-7, 0.000008584785973653197, 1.1005772293515292e-8, 0.000021352154362830333, 0.0002545468450989574, 5.453859444060072e-7
0.9999465942382812, 8.618675906291173e-7, 0.00001141123448178405, 8.394994144289569e-10, 0.000010441125596116763, 0.000030769566365052015, 2.0342359619007766e-7
0.9997797012329102, 0.00006241306255105883, 0.00010452159767737612, 4.10486045154812e-9, 0.000010461311831022613, 0.000042611820390447974, 1.7316590117388841e-7
0.9997401237487793, 0.000004420575351105072, 0.00018739239021670073, 5.244311651608768e-10, 0.000005723885806219187, 0.00006198291521286592, 1.8357431486037967e-7
0.999205470085144, 0.0000028034141905664, 0.00025972240837290883, 3.808313664421803e-9, 0.000005456700819195248, 0.0005261199548840523, 3.14979672566551e-7
0.9989648461341858, 0.00001951837111846544, 0.000824444810859859, 4.356845551001243e-8, 0.00012291265011299402, 0.00006800612027291209, 3.266235353294178e-7
0.9877817034721375, 4.5523086100729415e-7, 0.0020715694408863783, 9.153267654937736e-8, 0.00003176277095917612, 0.010113107971847057, 0.0000012444023695934447
0.9995557069778442, 0.0000015679696616643923, 0.00027098029386252165, 6.021507914510948e-8, 0.000032633906812407076, 0.0001385072391713038, 3.8290676229735254e-7
0.9998288750648499, 0.00002626282184792217, 0.00006613494042539969, 1.0248239590282537e-8, 0.000052306902944110334, 0.000026168687327299267, 1.1703845359534171e-7
0.9933338165283203, 8.080768338913913e-7, 0.0009190213168039918, 9.864648120583297e-8, 0.00005608455467154272, 0.005685317795723677, 0.000005064179731562035
0.997022807598114, 0.000022016314687789418, 0.0001658460241742432, 4.770629669081927e-9, 0.0010511832078918815, 0.0017382105579599738, 1.9215934798921808e-7
0.997504711151123, 0.00000493405195811647, 0.0001586520520504564, 2.3495060474942875e-7, 0.0002322312502656132, 0.0020961216650903225, 0.0000032072521207737736
0.9997430443763733, 0.000003081756858591689, 0.000006373573341988958, 7.0355050674209e-9, 0.0000444218167103827, 0.00020294165005907416, 2.637031570884574e-7
0.9998607635498047, 0.0000066624725150177255, 0.000015185152733465657, 1.1645703290596998e-9, 0.000022747204639017582, 0.00009438528650207445, 3.477338736956881e-7
0.9891617894172668, 3.1313450676861976e-7, 0.006172694731503725, 1.414945245414856e-7, 0.00010509414278203622, 0.004551039543002844, 0.00000880648076417856
0.9986215233802795, 0.000007143779384932714, 0.0008699582540430129, 1.0807011951996515e-9, 0.00004998563599656336, 0.0004506948171183467, 8.021448820727528e-7
0.9979821443557739, 0.001870661391876638, 0.000007118672783690272, 1.1174544622960525e-9, 0.0001378904125886038, 0.0000020345883058325853, 1.712862882641275e-7
0.9996612668037415, 0.0000010478144076842, 0.0000028994829790462973, 1.615000577714909e-8, 0.000003953362920583459, 0.00033067623735405505, 1.544696743849272e-7
0.9999437928199768, 0.000010696082426875364, 0.0000017856781369118835, 1.5787696705515941e-9, 0.000010429949725221377, 0.00003351900522829965, 4.534432918035236e-8
0.999880313873291, 8.640135433779506e-7, 0.000001581079686729936, 6.868248747515793e-10, 0.0000196899472939549, 0.00009763695561559871, 1.4095438594097232e-8
0.9995685815811157, 0.00000369741997019446, 6.726399988110643e-7, 2.009792332557936e-9, 0.00009451165533391759, 0.000332507595885545, 1.1228448926203782e-7
0.9844197034835815, 0.0000036024309792992426, 0.00015143051859922707, 6.107011785161376e-9, 0.0000613346928730607, 0.015344368293881416, 0.000019603232431109063
0.9985285997390747, 0.000009361478987557348, 0.00010433038551127538, 6.404971664153436e-9, 0.00007210522016976029, 0.001284635392948985, 8.253523446910549e-7
0.9997578263282776, 0.00021210478735156357, 9.455840768168855e-7, 3.124497049977748e-10, 6.351627348522015e-7, 0.000028082569770049304, 5.622208618660807e-7
0.9998090267181396, 0.000018214024748886004, 0.000004789455033460399, 1.3209638938249668e-9, 0.00003313749402877875, 0.00011397295020287856, 0.000020928655430907384
0.9999380111694336, 5.558176781050861e-7, 0.000007341661785176257, 6.933141283305133e-10, 0.000005723643880628515, 0.00004853416248806752, 1.4319008201368888e-8
0.9999828934669495, 0.000008710061592864804, 0.0000017493608766017132, 4.033809744563577e-12, 0.000006499132723547518, 2.982991418321035e-7, 4.110133622337031e-10
0.9972491264343262, 0.0000015064000535858213, 0.0004430418775882572, 1.4242279355869414e-8, 0.00002154883804905694, 0.0022807323839515448, 0.000003915454271918861
0.9998331665992737, 0.0000014068776863496169, 0.000023554572180728428, 1.894381318479077e-9, 0.000005475859325088095, 0.00013607455184683204, 1.6684393244759121e-7
0.9994951486587524, 0.000008158088348864112, 0.00015560117026325315, 2.0377406428906397e-8, 0.00010358539293520153, 0.00023044740373734385, 0.000007126205673557706
0.9721205830574036, 3.225132161333022e-7, 0.0008126643369905651, 4.083965521317623e-8, 0.00010908972762990743, 0.026944475248456, 0.000012799631804227829
0.9966912865638733, 7.336364546972618e-7, 0.0012689060531556606, 3.6822005444747674e-9, 0.000029246246413094923, 0.002009310759603977, 5.359422630135668e-7
0.9943699836730957, 5.67288338970684e-7, 0.0024474170058965683, 9.613787987916567e-9, 0.00009297267388319597, 0.0030711772851645947, 0.000017702393961371854
0.9868775606155396, 0.000001315686063207977, 0.002169234212487936, 0.0000011373205097697792, 0.0006637481274083257, 0.010215170681476593, 0.0000716585636837408
0.9979146122932434, 4.790265393239679e-7, 0.0006393608055077493, 2.6065881897352483e-8, 0.00004371300383354537, 0.0014014113694429398, 4.3705469465749047e-7
0.9969847798347473, 0.0000018388158196103177, 0.00010649391333572567, 5.307042272306717e-8, 0.00012514751870185137, 0.0027793028857558966, 0.0000025425558760616696
0.9948484301567078, 0.000007466435363312485, 0.0002711567794904113, 4.7621160348398917e-8, 0.0004988264408893883, 0.004370599519461393, 0.000003531451739036129
0.9973675608634949, 0.0000015813723166502314, 0.00012512336252257228, 4.957356125601109e-8, 0.00006703104736516252, 0.00243829982355237, 5.977723276373581e-7
0.997782826423645, 0.0000068402105171117, 0.0003629877173807472, 1.3143892374500865e-7, 0.0005334733286872506, 0.0013110913569107652, 0.0000025959921003959607
0.9999022483825684, 0.0000011128661299153464, 0.000018791948605212383, 2.069840077112417e-9, 0.000027693302399711683, 0.00005004805643693544, 6.685087328150985e-8
0.9999361038208008, 0.0000389368760806974, 0.0000037518018416449195, 1.2227321377622502e-9, 0.000007058226856315741, 0.000014323133655125275, 4.8739259739249974e-8
0.9996677041053772, 0.0001259309792658314, 0.000006832708550064126, 4.865891245486864e-9, 0.00018336241191718727, 0.0000162637879839167, 7.635399157379652e-8
0.1806086152791977, 0.8193843960762024, 1.329939181005102e-7, 3.912520585291901e-10, 0.000005853074981132522, 0.0000012062948826496722, 1.2305795848988055e-7
2.823403663643198e-11, 1, 1.0453144426436634e-11, 6.172045860000348e-16, 9.802404114106489e-13, 5.753020672696896e-14, 4.163781819332968e-11
3.787331125798543e-12, 1, 3.68454312199562e-12, 6.452799906686351e-15, 2.570161748358113e-12, 7.148364474136859e-14, 2.1441664416199657e-11
4.845637779915535e-11, 1, 5.690183393913806e-11, 7.142904160945679e-14, 1.3026000278415495e-9, 1.0740339824108491e-12, 1.8297320603100076e-10
6.3818802673032415e-12, 1, 7.458584531244705e-13, 3.754870585398712e-17, 9.886453461449562e-11, 1.001442818374023e-14, 2.2831048033036816e-13
8.472039259369013e-13, 1, 1.4648892721676882e-13, 2.151831988193662e-18, 4.3081029195424225e-12, 6.344303244714311e-17, 9.50676068086926e-15
4.933785602290186e-10, 1, 4.8661297213925536e-11, 1.3213031056853362e-15, 6.470687319293233e-10, 1.218483457578537e-13, 6.039487052827974e-12
1.467393428988828e-9, 1, 3.231744385989721e-11, 1.4071368717579955e-15, 2.59253529755199e-9, 2.479006149663787e-12, 2.0552488530500845e-11
3.614520238670593e-8, 1, 1.7254523365650698e-9, 1.7189930034966494e-12, 4.175097956249374e-8, 5.037770547944298e-11, 3.7127279028936755e-9
1.665215343393811e-8, 1, 1.89013873996835e-10, 4.0514687010004616e-14, 2.1021195450998675e-8, 9.909026724153058e-12, 5.7431937677820954e-11
3.5638663575809915e-7, 0.9999990463256836, 2.0349193441404623e-9, 6.997640314421183e-13, 5.248548973213474e-7, 9.625234637100633e-11, 3.1616080864438345e-9
6.974492521294451e-7, 0.9999980926513672, 1.0400525995990506e-9, 1.5554047036892699e-13, 8.119352514768252e-7, 1.1374574615530264e-9, 4.282497023666565e-9
5.009443526660107e-8, 1, 1.0344768097692025e-10, 4.375139048387643e-15, 3.134733361775943e-8, 2.1039881642481717e-11, 1.434908442066174e-10
7.764148790556646e-8, 0.9999990463256836, 3.085907918087827e-10, 2.4542548982681156e-12, 6.087302608648315e-7, 2.8442265903594333e-11, 2.4179100388543873e-10
2.610716642870159e-10, 1, 1.0812844543350852e-11, 2.726375609920107e-14, 1.4628240840863782e-9, 6.5142665567341496e-12, 4.544504009218464e-11
1.6883254516653068e-10, 1, 4.2355546153727275e-12, 1.42817479847554e-14, 7.267544899214329e-10, 4.780972709741982e-13, 9.805527917405854e-12
0.0000013665579672306194, 0.9999971389770508, 2.2294786461429794e-8, 2.4387004568526827e-11, 0.0000016163866121132742, 3.2210076827965395e-9, 2.343518978875636e-8
7.08313097064206e-9, 1, 2.2544328903695288e-10, 1.1404346434221169e-12, 7.601144602631393e-9, 4.980921924913062e-11, 3.245664292883532e-10
3.6232947309144947e-7, 0.9999990463256836, 9.144148771511595e-10, 7.065913609424768e-13, 1.9392672356843832e-7, 2.2371764163420238e-10, 1.2577586749884517e-9
0.0000013431296110866242, 0.9999971389770508, 1.0814801276737285e-9, 2.7101638641613413e-11, 0.0000013856440546078375, 7.87082843345388e-10, 1.7680784836215935e-8
4.719464641311788e-8, 1, 5.6706726120347994e-11, 2.5385399552292458e-14, 1.617008749121851e-8, 2.239315850804946e-11, 1.0626947932745878e-10
3.180877001796034e-7, 1, 6.21226403652031e-10, 2.144501210724764e-13, 2.234964924241467e-8, 6.189736223571884e-11, 9.213951268627341e-10
2.7796139079327986e-7, 1, 1.252808135010497e-10, 7.883305553485487e-13, 1.420040884880791e-8, 3.656286662323538e-10, 1.1843703795477722e-9
0.0009428656776435673, 0.9990110397338867, 0.000042109972127946094, 1.0097076508230884e-9, 0.000002233765371784102, 6.824303682151367e-7, 0.0000011168117453053128
0.9972438812255859, 0.0009534831624478102, 0.00008409911242779344, 4.593005797914884e-8, 0.00002334791497560218, 0.00160928163677454, 0.00008571534272050485
0.006906725000590086, 0.9930614829063416, 0.000002524569026718382, 1.2480799727043745e-9, 0.000009995152140618302, 0.00000778578487370396, 0.000011706335499184206
0.9916152954101562, 0.006908407434821129, 0.00006347869930323213, 3.679392364119849e-7, 0.000017294669305556454, 0.00028897947049699724, 0.0011061755940318108
0.019267482683062553, 0.98058021068573, 0.00006228051643120125, 4.368658323983254e-9, 0.000007642437594768126, 0.00007421229383908212, 0.000008197496754291933
0.8947422504425049, 0.10505791753530502, 0.0000014476288470177678, 1.3755942518400843e-7, 2.6469970748621563e-7, 0.00019560502551030368, 0.0000025128044853772735
0.9396036267280579, 0.03507174178957939, 0.00022154598264023662, 1.8309997074084094e-7, 0.024976810440421104, 0.0000010447753311382257, 0.00012513561523519456
0.6942402124404907, 0.3057525157928467, 0.0000020041588868480176, 6.767798765849875e-9, 0.0000020358852452773135, 2.6421233201290306e-8, 0.000003131916173515492
0.38793906569480896, 0.5611101984977722, 0.034825023263692856, 0.000018273527530254796, 0.002061610808596015, 0.01388153899461031, 0.0001642693969188258
0.6566168665885925, 0.3100598156452179, 0.000010838689377123956, 0.0000014395196785699227, 0.001104759401641786, 0.0322057344019413, 5.697973506357812e-7
0.9830565452575684, 0.01676934026181698, 7.444652396770834e-7, 5.6165339740177345e-11, 0.000010845469660125673, 0.00013869597751181573, 0.000023700622477917932
0.3321370780467987, 0.07444853335618973, 6.773178462537999e-9, 5.001667968684842e-9, 0.0000039020596886985, 0.5934027433395386, 0.00000770336282585049
0.7360049486160278, 0.24954062700271606, 2.3073157251474186e-7, 1.232681873242214e-10, 6.249836559391042e-8, 0.014448323287069798, 0.0000057621450650913175
0.8729443550109863, 0.0003700918750837445, 3.733835285402165e-8, 2.2102470964568965e-9, 2.429849814689078e-7, 0.12668202817440033, 0.0000033445014651078964
0.9948667287826538, 0.005073512438684702, 3.4657728065212723e-7, 2.48955550619101e-10, 7.375078894256148e-7, 0.000058756246289703995, 2.5412221660303658e-8
0.9199162721633911, 0.0005419680965133011, 0.0000038594344005105086, 2.58182222268033e-8, 0.0000014110875099504483, 0.07953551411628723, 0.0000011380725482013077
0.9997754096984863, 0.00007471539720427245, 0.000018814582290360704, 1.2014946815241956e-9, 0.000013933355148765258, 0.00011722201452357695, 1.4380893809118334e-8
0.9999104142189026, 0.00008321503264596686, 5.017589614908502e-7, 6.712703309874613e-13, 0.000005866655556019396, 1.6370888644701154e-8, 3.495550515708601e-9
0.9998064637184143, 0.00019184050324838609, 1.1097235841361908e-7, 1.96073233062026e-13, 0.0000014885487189530977, 4.019382515707548e-8, 7.425672299277153e-10
0.9992774128913879, 0.0006079874001443386, 0.00000454066548627452, 4.6014787535852975e-9, 0.00009339727694168687, 0.00001639773472561501, 4.946599574395805e-7
0.9996829628944397, 0.00025042513152584434, 0.000005224843334872276, 1.3238293794515243e-9, 0.0000093475528046838, 0.00005170943040866405, 2.3829441886391578e-7
0.9965106844902039, 0.00007399088644888252, 0.000019509612684487365, 1.2458576392759824e-8, 0.00003692171230795793, 0.003358940128237009, 9.794176136779242e-9
0.9999971389770508, 0.0000020382792627060553, 4.770578811985615e-7, 1.0547751561063023e-10, 1.5215017867831193e-7, 6.377349848207814e-8, 5.523615698166395e-8
0.9983591437339783, 0.0015407131286337972, 0.00000466895926365396, 3.794703218318318e-8, 0.0000029762511530861957, 0.00008508966129738837, 0.000007465349426638568
0.9999117851257324, 0.00008691213588463143, 2.3293468132123962e-7, 5.026181693068565e-10, 8.464636493954458e-7, 1.5865951752402907e-7, 1.1759511586717508e-8
0.9999942779541016, 0.000002104761051668902, 2.680845589964065e-8, 1.1462691906771738e-10, 0.000003073769221373368, 7.503733172598004e-7, 2.4324857683666323e-9
0.9997854828834534, 0.000008649186383991037, 0.00008183040336007252, 2.5061763428424477e-11, 3.8375614508368017e-7, 0.000123612568131648, 3.56958622660386e-8
0.9979462623596191, 0.00002680889519979246, 0.0017621308797970414, 1.0777534420469692e-9, 0.0001652927603572607, 0.00009943892655428499, 2.0707183523427375e-7
0.9996791481971741, 0.0000012355858416412957, 0.0002258874592371285, 9.902699993347142e-9, 0.00002335645149287302, 0.00006909074727445841, 0.0000011388370921849855
0.9979914426803589, 0.00003029267281817738, 0.00012566371879074723, 6.543725561414249e-9, 0.00006920167652424425, 0.001777116907760501, 0.000006172785560920602
0.9958815574645996, 0.003881206037476659, 0.000006791810847062152, 5.978055384048275e-9, 0.000011161976544826757, 0.00020481889077927917, 0.000014441383427765686
0.09849251806735992, 0.1040516048669815, 0.06012337654829025, 2.727557273374259e-7, 0.0003444438043516129, 0.002394983312115073, 0.7345929741859436
0.9998526573181152, 0.0001158227096311748, 0.000007852710950828623, 1.1734137099483899e-11, 0.00002291253076691646, 7.614884225404239e-7, 5.7670387576536086e-8
0.999995231628418, 0.00000410269512940431, 8.933125172916334e-8, 1.9173662223898047e-12, 2.1941319516827207e-7, 5.951259254288743e-7, 1.9495062508756433e-10
0.9643064141273499, 0.01258520781993866, 0.00033343114773742855, 2.3853996822253976e-7, 0.000002550116960264859, 0.022753141820430756, 0.000019051585695706308
0.9991509318351746, 0.00004508119309321046, 0.00007236268720589578, 1.2270396920754933e-9, 0.00042064202716574073, 0.00031064802897162735, 3.8160442272783257e-7
0.9999899864196777, 0.000003095174179179594, 4.952868266627775e-7, 5.163515795492124e-11, 2.3190284537122352e-7, 0.000006110580670792842, 1.554715689522368e-9
0.9999632835388184, 0.000035509390727384016, 4.8610683478500505e-8, 5.894474491840995e-11, 0.0000012285539696677006, 3.5515807184083314e-8, 4.562919819761646e-9
0.9999980926513672, 7.937088071230392e-7, 7.884763419951923e-8, 6.022249105647193e-12, 6.861776000732789e-7, 1.834142011603035e-7, 1.589980258565049e-9
0.999697744846344, 0.00013278079859446734, 0.0000184172185981879, 1.6746270148360054e-8, 0.00013303672312758863, 0.000017726151781971566, 9.19705840374263e-8
0.9971495270729065, 0.000020244364350219257, 0.0027261688373982906, 8.216931579596576e-10, 0.000011834028555313125, 0.00009181330096907914, 5.932923841101001e-7
0.9994756579399109, 0.000050715229008346796, 0.0004297205014154315, 1.151579456792895e-10, 0.00003754766657948494, 0.0000036470842132985126, 0.00000247669595410116
0.9970669746398926, 0.00001439237985323416, 0.00017507928714621812, 1.4916357926608725e-8, 0.002725195838138461, 0.000016857033187989146, 0.0000014134326420389698
0.9943310618400574, 0.0000021886012291361112, 0.00005461814362206496, 2.7810367342340214e-8, 0.000004169432941125706, 0.005607772618532181, 2.39964293768935e-7
0.9972223043441772, 0.00009955033601727337, 0.00003163844667142257, 9.209018436706629e-9, 0.00000354693952431262, 0.002642387989908457, 5.488361694006016e-7
0.9999446868896484, 6.405546741916623e-7, 0.000011287402230664156, 3.6628425292839495e-10, 0.0000016780753639977775, 0.00004164210258750245, 1.814334460448208e-8
0.9979135990142822, 0.00000907518551684916, 0.0011588220950216055, 3.1054462112933834e-8, 0.0008438857039436698, 0.000050211128836963326, 0.00002436203976685647
0.9939072728157043, 0.00009103105549002066, 0.0041052852757275105, 0.0000026218328912364086, 0.00032033701427280903, 0.0014092789497226477, 0.00016427146329078823
0.9998498558998108, 0.000023231155864777975, 0.000017334006770397536, 9.75565322969274e-11, 0.0001075799300451763, 0.0000018959547105623642, 1.6218045573168638e-7
0.999995768070221, 8.984991950455878e-7, 0.000002042009555225377, 8.576371557378337e-11, 7.893451083873515e-7, 4.447882417935034e-7, 1.2459548948129395e-8
0.9991035461425781, 0.00008778122719377279, 0.00004504967728280462, 2.5995229080422178e-8, 0.0007467520772479475, 0.000012032016456942074, 0.000004961073045706144
0.9999732971191406, 0.00000915185137273511, 0.0000019854239781125216, 3.896482442256044e-11, 2.501895153272926e-7, 0.000015505678675253876, 1.7794517859215375e-8
0.9979227185249329, 4.3808904592879117e-7, 0.0000022841395548311993, 3.604456288996971e-9, 8.641140993859153e-7, 0.002073875395581126, 6.461795720724695e-8
0.9997602105140686, 0.00005788245834992267, 0.000049407852202421054, 1.5938400110826478e-7, 0.00005064946162747219, 0.0000798741530161351, 0.0000016255330592684913
0.9998417496681213, 0.000014069669305172283, 0.00006482763274107128, 2.7668878743725145e-8, 0.00002959301127702929, 0.0000483240291941911, 0.0000013844373825122602
0.9998488426208496, 0.000004275945229892386, 0.00011664815247058868, 2.1312196452072385e-9, 0.000004464330686460016, 0.000024771281459834427, 9.679517916083569e-7
0.9999570846557617, 0.0000012069983768014936, 0.0000122476394608384, 2.0157742142146162e-9, 0.000003939083399018273, 0.000025114875825238414, 2.967234706829913e-7
0.9999904632568359, 2.2528861620685348e-7, 0.000004523456937022274, 4.515219101386414e-11, 0.000003967447355535114, 6.70140423153498e-7, 1.0170010256160822e-7
0.9999809861183167, 5.965817422293185e-7, 0.000002210486400144873, 1.2471629284860342e-10, 0.000001765140041243285, 0.000014291904335550498, 1.3674527288287663e-8
0.9999814033508301, 0.000002662686028997996, 0.000011380694559193216, 1.8491723430269502e-10, 0.0000020093350485694828, 0.0000027598584892984945, 7.428901938055787e-8
0.999995768070221, 3.975696643010451e-7, 4.937980975228129e-7, 4.121773408694018e-11, 0.0000023052696178638143, 0.0000013473179478751263, 2.1729201549192112e-8
0.999527096748352, 5.1519023713808565e-8, 0.000005065277946414426, 9.677318502099297e-8, 0.00023067952133715153, 0.00023713753034826368, 2.8105842986292373e-8
0.9408143758773804, 2.98362635930971e-7, 0.03777569159865379, 6.9011063530410865e-9, 0.000015164950127655175, 0.021393660455942154, 7.456255843862891e-7
0.9988138675689697, 6.977997486501408e-7, 0.00020983468857593834, 1.6021660087517375e-7, 0.00008434284973191097, 0.0008904617861844599, 5.434627610156895e-7
0.9999094009399414, 0.00008227735088439658, 9.501341651230177e-7, 5.055565612411411e-14, 4.2130970712150884e-8, 0.000007304735845536925, 1.3657778907827378e-8
0.9993748068809509, 0.0000062543986132368445, 0.0002970022615045309, 5.252770440833388e-10, 0.000029520953830797225, 0.00029242303571663797, 7.356693920712587e-9
0.9998555183410645, 0.00009413823136128485, 0.00003127594027318992, 1.3042162017029568e-8, 0.000003892707354680169, 0.000005783813321613707, 0.000009588691682438366
0.9999699592590332, 0.000012594073268701322, 0.000006361719897540752, 1.4272948156701659e-8, 0.000008339637133758515, 6.798935032747977e-7, 0.0000019523688479239354
0.9992445111274719, 0.0007442146888934076, 0.0000043027393985539675, 9.84216486088485e-10, 0.000004904090928903315, 0.0000011992854069831083, 0.0000010598141670925543
0.9999309182167053, 0.00002398179094598163, 0.000011396052286727354, 1.5264339481291245e-7, 0.00002809053512464743, 0.000005228381269262172, 1.4129861369838181e-7
0.9965512752532959, 0.0033994175028055906, 0.0000022061974505049875, 6.416880360404775e-10, 0.00004676400203607045, 1.0446510856354507e-7, 5.821173232334331e-8
0.999937117099762, 0.00002131732071575243, 0.000011832214113383088, 6.62423282893343e-10, 7.942420552353724e-7, 0.000028764749004039913, 3.2561979423917364e-7
0.9999833703041077, 0.000010257957910653204, 0.000001946863221746753, 9.528351718746109e-11, 0.00000185274473096797, 0.0000027944149678660324, 2.7730804319503477e-8
0.9999899864196777, 0.000001622889726604626, 0.00000463162905361969, 4.158769995044054e-10, 0.000003223874273317051, 3.5752066196437227e-7, 1.9464929224000116e-8
0.9998044967651367, 4.5919918534309545e-7, 0.000020700310415122658, 4.2742049899402446e-9, 0.000002173307848352124, 0.0001722367014735937, 1.4021465233327035e-7
0.9999594688415527, 0.0000015122585637072916, 0.000010370989002694841, 8.278156493624067e-10, 0.0000012923846952617168, 0.000027232259526499547, 2.9314011840142484e-7
0.9999204277992249, 0.00001372034148516832, 0.000045814427721779794, 7.684819891551342e-9, 0.000010154974916076753, 0.000008946669368015137, 0.0000013367840665523545
0.998893678188324, 0.000003646240429588943, 0.00008755498129175976, 2.1865682597876912e-8, 0.000010195546565228142, 0.0009990202961489558, 0.000006018060503265588
0.9998378753662109, 0.000009175219929602463, 0.00003795389784500003, 9.69185087740243e-9, 0.000005375047749112127, 0.00010327949712518603, 0.000006135318926681066
0.9999847412109375, 9.800328371056821e-7, 0.0000011613029755608295, 1.720570685925793e-9, 0.000012509161024354398, 7.033189035610121e-7, 1.0317395293668596e-7
0.999826967716217, 0.0000029299094421730842, 0.00004856073428527452, 1.5911451711758673e-8, 0.000012396895726851653, 0.00010771406232379377, 0.000001405622697348008
0.999883234500885, 0.000002416500137769617, 0.00006094621494412422, 2.944498866952472e-9, 0.00000896684741746867, 0.00004362781692179851, 0.000001071067231350753
0.9999313950538635, 7.983720706761233e-7, 0.000041506587876938283, 1.6579311257203244e-9, 0.000011513629942783155, 0.00001491781495133182, 4.035793566004031e-8
0.9967002868652344, 0.000005318462626746623, 0.0029421651270240545, 3.864877839987457e-7, 0.00009846672037383541, 0.00022855802671983838, 0.000024858236429281533
0.9995981454849243, 0.000001111043275159318, 0.0002886696020141244, 3.247037527742691e-9, 0.0000072497805376769975, 0.00010423504863865674, 6.142250299490115e-7
0.9897371530532837, 0.000009865781976259314, 0.009096472524106503, 3.5214841886954673e-7, 0.00003166979149682447, 0.0010419178288429976, 0.00008254946442320943
0.9998784065246582, 0.0000012271984815015458, 0.00004025050293421373, 4.94902674397224e-10, 0.000002675144969543908, 0.00007673569780308753, 6.326568495751417e-7
0.9961750507354736, 0.000054983727750368416, 0.0031803969759494066, 3.032906192856899e-7, 0.00045580952428281307, 0.00005030531247030012, 0.00008311761484947056
0.9999585151672363, 4.220623495143627e-8, 0.00003134374492219649, 2.357855299894851e-10, 0.000002623587533889804, 0.000007555147476523416, 5.816772485900401e-8
0.9965896010398865, 2.91033614985281e-7, 0.0023411817383021116, 3.9068087431815e-8, 0.000006547013072122354, 0.001040989183820784, 0.000021478328562807292
0.9902550578117371, 3.4882239674516313e-7, 0.006099846679717302, 1.984285233902483e-7, 0.000014822898265265394, 0.0035356837324798107, 0.00009407129255123436
0.9994589686393738, 9.037877362061408e-7, 0.00041760661406442523, 7.467690466000931e-9, 0.000007730091965640895, 0.00011087504390161484, 0.0000037656664062524214
0.9993683695793152, 1.7488176240476605e-7, 0.0004880753403995186, 9.240019416267842e-9, 0.000012014611456834245, 0.00012992853589821607, 0.0000012610902331289253
0.9961270689964294, 0.000011109712431789376, 0.0032742698676884174, 5.079804310526015e-8, 0.00017662849859334528, 0.0003650417202152312, 0.00004596081635099836
0.9996362328529358, 4.404876463581786e-8, 0.000037917863664915785, 9.044930915358407e-10, 0.00000587871318202815, 0.0003197230980731547, 2.568174295447534e-7
0.987839937210083, 0.000017728953025653027, 0.009276675991714, 7.861956419219496e-7, 0.00011524198635015637, 0.002485829871147871, 0.00026402127696201205
0.9996219277381897, 0.000013244032743386924, 0.00014112581266090274, 6.536203800422413e-10, 0.000011659227311611176, 0.00021108386863488704, 0.0000010243593351333402
0.990734875202179, 0.000022116541003924794, 0.0003406420291867107, 2.4454706704091222e-8, 0.000006757310984539799, 0.008894483558833599, 0.0000011203269423276652
0.0667358860373497, 1.2277244110237007e-8, 0.00001433973102393793, 2.6537423369887847e-9, 0.000005241711278358707, 0.9332444071769714, 8.141926599591898e-8
0.939643144607544, 2.3559074691092974e-7, 0.00054035650100559, 8.078814062173478e-8, 0.000014848985301796347, 0.05979122593998909, 0.000010130408554687165
0.9866750240325928, 2.918061170475994e-8, 0.0007113469182513654, 8.482876068249823e-10, 0.000003369702426425647, 0.012609715573489666, 5.460302077153756e-7
0.999754011631012, 1.0620779988812501e-7, 0.00020134312217123806, 5.553388859880215e-10, 0.000008841758244670928, 0.000035581291740527377, 2.6532089236752654e-7
0.9989891648292542, 0.000003701631158037344, 0.0007598500815220177, 9.941633294374697e-9, 0.0001285701582673937, 0.00011094630463048816, 0.000007947850463096984
0.9933820366859436, 1.2534324866919633e-7, 0.0001884481607703492, 8.145975560758245e-10, 0.0000027663243145070737, 0.006426151376217604, 3.2393791116192006e-7
0.9992450475692749, 5.5896286710321874e-8, 0.0004621352709364146, 3.6492892041550817e-10, 0.0000010145755595658557, 0.000291837117401883, 1.8640935195435304e-7
0.9992206692695618, 0.000004895760412182426, 0.0005448504234664142, 6.541883124100423e-8, 0.000017776304957806133, 0.00020882829267065972, 0.00000299059661301726
0.9999594688415527, 0.000004928256203129422, 5.074789442005567e-7, 1.3138767851472721e-10, 0.000034728567698039114, 4.7546734549541725e-7, 4.914619111673346e-8
0.9999685883522034, 0.000002210100547017646, 0.0000037792372040712507, 2.4556112698803645e-9, 0.00002389207475061994, 0.000001494169964644243, 8.11034155390189e-8
0.9997034668922424, 0.00025552313309162855, 6.875770282022131e-7, 2.6021707011381068e-9, 0.000015111952961888164, 0.000024981107344501652, 1.004934624404541e-8
0.9997758865356445, 0.00008692897245055065, 0.000051673006964847445, 4.850674972800562e-9, 0.00005181601954973303, 0.00003374358493601903, 1.1790396570177109e-7
0.9999433159828186, 0.0000012692057680396829, 0.000025756340619409457, 2.809024401972948e-10, 0.000011835655641334597, 0.000017798893168219365, 3.1442712611351453e-7
0.9999866485595703, 0.0000015386086715807323, 0.0000036750848266819958, 2.1542334582846934e-10, 0.000004425896804605145, 0.0000034286026675545145, 4.5720497610091115e-8
0.9999179840087891, 0.0000013935290326116956, 0.00005656216308125295, 2.0955626123253523e-9, 0.000008399677426496055, 0.000013970597137813456, 0.000001533223439764697
0.9999842643737793, 5.415649440010384e-8, 0.000008483872989017982, 3.043337803987356e-11, 3.310146041712869e-7, 0.000006986064818192972, 2.2920470854614905e-8
0.999695360660553, 0.000004735570655611809, 0.00015808056923560798, 1.446454422904253e-8, 0.000017803740774979815, 0.00012226040416862816, 0.0000015581558727717493
0.9963681697845459, 0.0000047574590098520275, 0.003347445046529174, 4.0060768924377044e-7, 0.00013506921823136508, 0.00012728561705444008, 0.000016790694644441828
0.9994084239006042, 0.00011284834909019992, 0.00011958646064158529, 2.7995330498242765e-8, 0.00026549576432444155, 0.00005220772800385021, 0.000041323328332509845
0.9575344324111938, 0.04246528074145317, 1.8276260504990205e-9, 8.766498811596524e-12, 1.0246410653280691e-7, 6.9050218876043346e-9, 1.8892692965621904e-10
0.9652174711227417, 0.03478196635842323, 2.593968133624003e-7, 2.5790389789059898e-12, 1.163926839353735e-7, 1.4874884435300828e-8, 1.8986963823408587e-7
0.9993202686309814, 0.0006777951493859291, 1.3964078959816106e-7, 9.600693504085989e-12, 5.553593496188114e-7, 0.000001202064936478564, 3.934040648800874e-8
0.9831843376159668, 0.016801245510578156, 2.5134028192042024e-7, 2.529637888049052e-10, 0.000014108263712842017, 1.8244610089368507e-7, 9.445270876540235e-8
0.25651124119758606, 0.7434874176979065, 8.850039279195698e-8, 1.6774723277102055e-10, 0.00000101987700418249, 5.46033156467729e-8, 2.0348520024526806e-7
3.0057745181721884e-9, 1, 4.87624662870445e-10, 1.1458951734537315e-13, 1.6771972699558546e-9, 3.657544102655952e-13, 3.5366481965226626e-10
2.7726992257726124e-8, 1, 2.63942812050999e-10, 1.165655029097823e-13, 2.5524009572563955e-9, 3.754601490824072e-11, 2.318391034705769e-9
0.000003791778908635024, 0.999995231628418, 6.230902904746927e-9, 1.54224220200172e-11, 8.054381055444537e-7, 1.3295665679535773e-9, 7.640377930329123e-8
0.5598973631858826, 0.4401005208492279, 3.1998659721921285e-8, 1.5862850963332953e-11, 0.0000020323702756286366, 4.0071046925049814e-8, 2.9038258020364083e-8
0.9974226951599121, 0.002573566045612097, 2.6425599486401552e-8, 1.3911105774255805e-11, 0.000004149334017711226, 1.122773651829334e-9, 1.0165185138077959e-8
0.08308912813663483, 0.9167348742485046, 0.0000071075473897508346, 6.602985713755061e-9, 0.00007716930122114718, 0.00007977959467098117, 0.00001188798705697991
0.7348529696464539, 0.23574064671993256, 0.0015367838786914945, 0.000005694208084605634, 0.02774462290108204, 0.00004297358464100398, 0.00007626913429703563
0.9887157082557678, 0.008760528638958931, 0.0001511064328951761, 1.7222681947259844e-7, 0.0023674985859543085, 0.0000046246109377534594, 6.046252565283794e-7
0.9942910075187683, 0.005527968518435955, 0.00006032171586412005, 3.5151256838616973e-7, 0.00007225991430459544, 0.00004798051668331027, 1.8423905601139268e-7
0.9979350566864014, 0.002048863098025322, 0.0000021601708795060404, 1.5082733284543792e-8, 0.000009143301213043742, 0.000004899418854620308, 2.7259856594241683e-9
0.9959337115287781, 0.003976018633693457, 9.60234160629625e-7, 1.4257822478214166e-8, 0.00008901228284230456, 3.9399949969265435e-7, 1.667947486794219e-7
0.2665556073188782, 0.7332985401153564, 0.000005286642590363044, 1.1620926443356439e-9, 0.00010367739741923288, 0.00002140919787052553, 0.00001551712011860218
0.0007592355250380933, 0.9991310834884644, 0.000036469635233515874, 3.2989838416597195e-8, 1.0623715240853926e-7, 0.00007114579057088122, 0.000002164888201150461
0.9856085181236267, 0.008556432090699673, 0.00006682629464194179, 8.633296033622173e-7, 0.005380820482969284, 0.0002388878638157621, 0.00014766379899811
0.9968026876449585, 0.002836690517142415, 0.00004486287070903927, 7.652377398414956e-9, 0.0003051802050322294, 7.141390483411669e-7, 0.00000961457408266142
0.9996415376663208, 0.00031431589741259813, 0.00001772240284481086, 1.0348694123862856e-9, 0.000010026266863860656, 1.874614383723383e-7, 0.000016367921489290893
0.9984503388404846, 0.000032154588552657515, 0.001142254564911127, 1.3635299556113978e-9, 0.00016335643886122853, 0.00020871305605396628, 0.0000032267355436488288
0.9719152450561523, 0.0159749872982502, 0.00003109249519184232, 0.00003099022796959616, 0.00011638589785434306, 0.002013827906921506, 0.009917603805661201
0.9944897294044495, 0.005488393362611532, 0.0000032201726298808353, 2.5334834230505976e-10, 0.000015211918253044132, 0.0000036150074720353587, 6.091835302868276e-8
0.9987172484397888, 0.0012708485592156649, 0.0000035263012705399888, 6.190325335664326e-11, 0.0000068790523073403165, 0.000001359981183668424, 8.590247801976147e-8
0.9999942779541016, 0.000004816358796233544, 1.5981845535861794e-7, 3.913318020326573e-12, 3.113771072094096e-7, 9.99839016913029e-7, 3.0634448311417373e-9
0.9999704957008362, 0.00002971006506413687, 1.812608196871679e-8, 9.897885462628597e-13, 1.0165466335365636e-7, 4.597270830686284e-8, 2.2663202869921406e-8