0.9999933838844299, 9.729504313327197e-8, 0.000004972275291947881, 7.835052051596847e-11, 0.000001964096554729622, 1.7866250345832668e-7, 4.5056423869649365e-11
0.999995231628418, 0.0000018340037968300749, 0.000002204360725954757, 1.9898969624843055e-11, 4.2526673382781155e-7, 6.899481945765729e-7, 5.918682211003556e-11
0.9999990463256836, 6.073901204217691e-7, 2.2011631983787083e-7, 2.2035339861375264e-13, 1.0939116279473637e-8, 1.9475892543141526e-7, 1.1372681442411992e-11
0.9999699592590332, 0.000009891379704640713, 0.000018542627003625967, 7.257003331595513e-11, 6.099660367908655e-7, 8.057416494011704e-7, 2.9949849267296713e-9
0.9993140697479248, 4.23594030962704e-8, 0.0004449478583410382, 4.701516953531382e-9, 0.000019692837668117136, 0.00022114740568213165, 1.003305705182811e-8
0.9998888969421387, 3.342685062079909e-8, 0.00010604447015793994, 2.6623838550454693e-11, 2.6390404173071147e-7, 0.000004947698016621871, 7.156844450406652e-9
0.9998946189880371, 0.000006925490652065491, 0.00008854467887431383, 5.924193358097796e-10, 0.0000033597912079130765, 0.000006405690783140017, 1.8287086334112246e-7
0.9999352097511292, 1.3125450948336947e-7, 0.00006184879021020606, 1.0756907864450937e-10, 3.958823242555809e-7, 0.0000025443887352594174, 2.238868468396049e-8
0.9999980926513672, 2.945635735329688e-8, 1.8377562582827522e-7, 4.428707400805365e-12, 0.000001652541072871827, 1.1966247370764904e-7, 8.161380425641962e-12
0.9999899864196777, 5.220314278631122e-7, 0.0000034349181987636257, 8.937745682446874e-11, 7.942494306689696e-8, 0.000006075756118661957, 4.289216803954332e-8
0.9999556541442871, 3.8997183082756237e-7, 0.00003777416350203566, 4.972690037519101e-10, 0.000004469563009479316, 0.000001592327748767275, 3.272407766985452e-8
0.999786376953125, 4.427172655141476e-7, 0.00021199839829932898, 1.6214081466348063e-10, 3.80135105615409e-7, 8.933266713029298e-7, 6.103815053393191e-8
0.9999971389770508, 0.0000021126982119312743, 9.546216688249842e-7, 1.44084342981049e-12, 1.78915669835078e-7, 3.102930179466057e-8, 2.475900817699994e-9
0.9999961853027344, 1.6552526460600347e-8, 0.000003097589342360152, 2.6668582469582206e-15, 1.601226096159536e-10, 5.244373824098147e-7, 2.2274638730723773e-11
0.9999818801879883, 1.810345118258283e-8, 0.000006178100647957763, 6.37364189204348e-11, 1.8705368631799502e-7, 0.000011578000339795835, 1.735924848311754e-9
0.9999990463256836, 1.1011637468527624e-7, 3.5106901918879885e-7, 1.836263086030243e-11, 5.129630267219909e-7, 1.886745337742468e-7, 3.047335717099031e-10
0.9999890923500061, 4.2004108991022804e-7, 0.000008587703632656485, 7.12099892941076e-11, 0.000001814322217796871, 2.4195787773351185e-7, 3.2058367072096416e-9
0.9999990463256836, 1.5848216960989703e-8, 5.205724278312118e-7, 8.424257927526491e-13, 1.2780525082689564e-7, 6.430212806662894e-8, 1.3117003316853726e-10
0.9999961853027344, 4.9160163939632184e-8, 6.603273163818812e-7, 7.852121036711068e-11, 0.000002026263928200933, 0.0000010217434009973658, 1.0005294509563001e-10
0.9999971389770508, 7.86914199579769e-7, 0.0000015074200518938596, 5.064669864052185e-11, 4.4370577256813704e-7, 5.212652354202874e-7, 1.041994601713725e-9
0.9998965263366699, 2.559676204327843e-7, 0.00009226541442330927, 1.1080876494151681e-10, 0.000002009045374506968, 0.000009032286470755935, 2.4550462995875932e-8
0.9999094009399414, 0.000001481253661950177, 0.00007032993016764522, 6.70386857137828e-10, 0.0000032208836273639463, 0.00001555713424750138, 3.1534007405298325e-8
0.9999971389770508, 1.7656816453381907e-8, 2.576332462922437e-7, 2.3421159456304963e-10, 0.0000019378676370251924, 5.422576805358403e-7, 1.5128648334084005e-10
0.9999476075172424, 0.0000010062507271868526, 0.00004008754694950767, 6.113337613911085e-10, 0.000007800642379152123, 0.00000341295935868402, 7.436379689806927e-8
0.999995231628418, 8.609861197328428e-7, 1.415123023207343e-7, 7.565604392967273e-11, 0.000003843344529741444, 1.9432965814303316e-7, 6.654366641045684e-11
0.9992530941963196, 0.0000020847660380240995, 0.00019448963575996459, 1.5233071337661386e-7, 0.0005192646058276296, 0.0000297898495773552, 0.0000011859997357532848
0.9999699592590332, 0.0000042477222450543195, 0.000007284464118129108, 1.8330442719260986e-10, 0.0000030288749712781282, 0.00001551570494484622, 1.3026895118173343e-9
0.999995231628418, 7.301636628653796e-8, 0.0000013034783705734299, 5.608608577567509e-10, 2.8324132017587544e-7, 0.0000032767843549663667, 6.722063183861593e-11
0.9999508857727051, 1.9005599938282103e-7, 0.0000016464371128677158, 2.110431607249552e-9, 0.000003683383056340972, 0.00004362141407909803, 1.1022504020630208e-9
0.9999209046363831, 2.785827746265568e-7, 0.000050133385229855776, 1.0876860301323177e-8, 0.000001435131935068057, 0.000027472608053358272, 1.1592261595083642e-9
0.9999408721923828, 0.0000029470768367900746, 3.572834543774661e-7, 1.2762797763077316e-10, 0.00000503629098602687, 0.000050668048061197624, 1.506026033049057e-11
0.999974250793457, 0.000025308079784736037, 3.6160210470370657e-7, 1.469426319446361e-14, 2.0003181333549946e-8, 7.333204266046778e-9, 5.231569621955146e-10
0.9999446868896484, 0.000002005942860705545, 0.000025903300411300734, 5.447144402204174e-10, 0.00002763001793937292, 5.7602264291745087e-8, 7.346187658185954e-9
0.9999780654907227, 5.6629250622108884e-8, 0.0000066595489442988764, 8.92841564570368e-11, 0.000009994821084546857, 0.000005362853244150756, 1.5205568748566378e-10
0.9996401071548462, 3.0949045548567256e-9, 0.00032745147473178804, 2.7456475981679773e-10, 0.000009456177394895349, 0.00002310751187906135, 5.543515091410711e-10
0.9992735981941223, 3.681874527483586e-10, 0.0006924954941496253, 8.701155768120472e-11, 0.000016023259377107024, 0.000018041147995973006, 1.8683770086624918e-9
0.9998393654823303, 3.9279396402136513e-10, 0.00007753090176265687, 1.9708443210753046e-10, 0.00003189235212630592, 0.00005125555253471248, 2.0740037465216687e-10
0.9991106390953064, 8.86931950105918e-9, 0.0007007510866969824, 2.965752310402081e-9, 0.00007498258491978049, 0.00011380145588191226, 8.123154593420168e-9
0.9991697072982788, 2.5724085084277704e-9, 0.0007634408539161086, 4.548375218127454e-11, 0.000030497047191602178, 0.00003650639337138273, 6.525013862557216e-10
0.9998741149902344, 8.342759372226283e-9, 0.00012049957149429247, 1.7837318427860183e-11, 0.0000019104402326775016, 0.0000035669488624989754, 1.035206032007352e-9
0.9997239708900452, 1.0591068466681008e-8, 0.0002695713483262807, 2.7515453457360728e-11, 0.000003972281319875037, 0.00000234712479141308, 9.706456749469794e-10
0.9952216744422913, 3.119131264384123e-8, 0.004666533786803484, 1.3128141906904034e-9, 0.000006316238341241842, 0.00010547588317422196, 8.410634855238186e-9
0.9973037838935852, 2.7517994993786488e-8, 0.00267667300067842, 2.5730786945565853e-10, 0.000003087980530835921, 0.000016314126696670428, 5.336536545996751e-9
0.999261200428009, 3.4190787800980615e-7, 0.0007074346067383885, 8.809357687766806e-10, 0.00002073513860523235, 0.000010198081326961983, 2.2287565570877632e-7
0.9999856948852539, 1.3277853483373292e-8, 0.000005823543688165955, 1.3697996903427878e-10, 0.0000022881260974827455, 0.00000637893481325591, 2.595543224792607e-11
0.9998679161071777, 0.000001490918066338054, 0.0001198668687720783, 3.761109826361242e-11, 0.000004963592346030055, 0.000005718281045119511, 4.727401758941596e-8
0.9999785423278809, 2.0498239905464288e-7, 0.000015930383597151376, 8.329028022835416e-10, 0.000004816626187675865, 5.715704105568875e-7, 6.875671143546924e-10
0.9999794960021973, 5.2489173896219654e-8, 0.000012207096006022766, 3.297353223796762e-10, 4.333143976964493e-7, 0.000008001726200745907, 9.126697314565391e-11
0.9999675750732422, 1.5938125841330475e-7, 0.000014079400898481254, 1.2027677465109576e-10, 0.000017831949662650004, 3.535212442784541e-7, 5.041028039443063e-9
0.9999785423278809, 1.4658498059816338e-7, 0.000009693822903500404, 2.3308289326395837e-11, 0.000008418822289968375, 0.0000030592918847105466, 1.1199614152745951e-10
0.9999198913574219, 7.734467999398476e-7, 0.00006842774018878117, 5.543032005617121e-11, 0.00000988426836556755, 0.000001264720026483701, 1.270844585121722e-8
0.9999895691871643, 8.707218768222447e-8, 0.000005726519702875521, 2.8008251273803353e-10, 0.0000022715487375535304, 0.0000026643128876457922, 1.272436711552416e-9
0.999230682849884, 2.16321467405578e-7, 0.0006909951916895807, 2.029282991644621e-10, 0.00002062817475234624, 0.00005757785402238369, 7.87416922776174e-8
0.9984957575798035, 8.261492894234834e-7, 0.0014481828548014164, 6.34164332158349e-10, 0.000004331413947511464, 0.00005088746911496855, 1.627135048920536e-8
0.9999980926513672, 0.0000015497861340918462, 4.472992198856218e-9, 4.883156596094396e-13, 1.512340830345238e-8, 3.081634645241138e-7, 9.001271082664797e-12
0.9999241828918457, 0.000037669185985578224, 0.00003164208465022966, 1.3033354395730612e-9, 0.0000019843557765852893, 0.000004290192009648308, 3.7593341062347463e-7
0.9999938011169434, 4.633583294832988e-9, 0.0000033604130749154137, 1.9472652657004375e-10, 4.863723006565124e-7, 0.0000024565817966504255, 5.2081889911903545e-9
0.999967098236084, 9.01314081147575e-7, 0.000015159578651946504, 1.4170477014019411e-9, 7.494373903682572e-7, 0.000015864041415625252, 3.7200585722985124e-8
0.9999575614929199, 0.00003924691554857418, 0.000002031303893090808, 1.6636553246129893e-10, 4.914989517601498e-7, 6.754792138963239e-7, 2.6471404623862327e-8
0.9999961853027344, 3.794547609459187e-8, 0.0000010979931630572537, 4.1005600201178896e-14, 4.1142547702044396e-10, 0.0000025501676645944826, 8.139776287892364e-13
0.9999918937683105, 0.0000013763799415755784, 7.843901812520926e-7, 2.7302238247983723e-10, 0.000002030331870628288, 0.000004047099082526984, 7.624072040357532e-9
0.9990753531455994, 5.384415580067525e-9, 0.0008726335945539176, 9.025007303986587e-12, 9.74768454398145e-7, 0.0000509150922880508, 1.2527154313879407e-10
0.9998993873596191, 5.4976367208636745e-11, 0.000003441732360442984, 9.94227877110232e-12, 3.290946537504169e-8, 0.00009703188698040321, 1.5469041325655297e-10
0.9900171160697937, 3.3385950359843264e-7, 0.009938322007656097, 3.304541085213941e-10, 0.000006477926945080981, 0.00003802622450166382, 7.09101044549243e-8
0.9999885559082031, 1.5213368342870126e-8, 9.843712405199767e-7, 1.1096341623328954e-9, 7.531163532803475e-7, 0.00001003283068712335, 2.234811447010543e-9
0.9760670065879822, 1.730384369125204e-8, 0.02003185637295246, 1.4429706318708213e-9, 0.0000058819241530727595, 0.003895193338394165, 1.3425350608997633e-8
0.8468809723854065, 7.357374443017761e-8, 0.15149487555027008, 9.978847748115527e-10, 0.000018229116903967224, 0.0016056221211329103, 1.0827375973576636e-7
0.9997982978820801, 2.380044605843068e-8, 0.00007259649282786995, 2.0929848965067777e-9, 0.000011783212357840966, 0.00011686147627187893, 2.1043410924903583e-7
0.9999217987060547, 4.75457326842843e-8, 0.000026347905077273026, 1.4448967577962435e-9, 0.00003907968130079098, 0.000012924751899845432, 2.5281464033355405e-8
0.9991291761398315, 0.000004926171641272958, 0.0001816622680053115, 2.6254893370492027e-8, 0.000652862770948559, 0.000030091197913861834, 0.0000013249217545308056
0.9943829774856567, 1.4246553803332063e-7, 0.005398520268499851, 7.192995643556799e-10, 0.00005821472586831078, 0.0001600562100065872, 2.003438339670538e-7
0.9993116855621338, 2.0407412648637546e-7, 0.00032998729147948325, 6.315153733282841e-9, 0.0002149788779206574, 0.00014300993643701077, 7.817926928055385e-8
0.9999594688415527, 1.0037117803562978e-9, 0.000018149183233617805, 1.0437595232559715e-11, 0.0000035527918953448534, 0.00001886775135062635, 7.841954169363063e-11
0.9894346594810486, 2.0071473727512057e-7, 0.006739020347595215, 7.005274937910144e-8, 0.0005098359542898834, 0.0033146406058222055, 0.0000014807974366704002
0.9976158142089844, 3.494205600418354e-7, 0.0021663683000952005, 5.597193375450615e-9, 0.00012389947369229048, 0.000093205897428561, 4.46260202124904e-7
0.9996081590652466, 2.8140643593133063e-8, 0.0001087035343516618, 1.2670665405778436e-8, 0.00010755518451333046, 0.00017563256551511586, 5.446394979458091e-8
0.9986253380775452, 2.209703353628356e-7, 0.0010356238344684243, 4.572575651451416e-9, 0.00019469969265628606, 0.00014340222696773708, 7.923280236354913e-7
0.9998708367347717, 1.6100312194566868e-8, 0.000026162668291362934, 8.57723281288969e-10, 0.000044516204070532694, 0.00005836588388774544, 6.890531256686927e-9
0.9885309338569641, 8.56468744814265e-8, 0.010428245179355145, 1.3906249485273747e-8, 0.00023040780797600746, 0.00080975575838238, 5.937035325587203e-7
0.9997101426124573, 8.883976931883808e-8, 0.00021114875562489033, 2.994331727013133e-10, 0.000014477972399618011, 0.00006385173765011132, 8.407233131890735e-9
0.9968349933624268, 4.2295440039197274e-8, 0.00301540968939662, 5.770783850778116e-10, 0.00003267705687903799, 0.00011673871631501243, 7.377985156153954e-8
0.9874191284179688, 4.683333543198387e-8, 0.011917218565940857, 3.857623998015924e-9, 0.00012169807450845838, 0.0005418051150627434, 1.4474663601049542e-7
0.9985328912734985, 6.70598637952935e-7, 0.0012876279652118683, 7.481069985715294e-9, 0.00009892249363474548, 0.0000794381121522747, 5.628061785500904e-7
0.999398946762085, 2.892189954195601e-8, 0.0005157346022315323, 1.4787181201736388e-10, 0.000028187518182676286, 0.000057189616200048476, 4.271075493278431e-9
0.9985905885696411, 7.994399453536971e-8, 0.0012460682773962617, 7.750437513998065e-10, 0.00009521668835077435, 0.00006801780546084046, 9.016490309932124e-8
0.999918520450592, 6.425912602026074e-8, 0.00005379202775657177, 4.648119042438559e-11, 0.000023510268874815665, 0.000004014352725789649, 1.6532208935160497e-9
0.9994503855705261, 1.593001570654451e-7, 0.0003773585194721818, 6.63585575377823e-10, 0.00004354791599325836, 0.00012839816918130964, 5.480053033579679e-8
0.9977076649665833, 4.883478510464556e-8, 0.002021899214014411, 4.616804438750677e-10, 0.00010651264165062457, 0.00016393301484640688, 2.1938159733281282e-8
0.9991211295127869, 5.583158824151724e-8, 0.000681028759572655, 3.6018507620916296e-10, 0.000037293302739271894, 0.00016053696162998676, 3.1195231287028946e-8
0.9938700795173645, 5.6118274471828045e-9, 0.00586936017498374, 8.177559185362782e-10, 0.000004055470526509453, 0.00025640756939537823, 4.1019690422139377e-10
0.990645170211792, 5.048364215554102e-8, 0.007509108167141676, 7.568915272315735e-9, 0.00007255130185512826, 0.0017731600673869252, 9.641497200618687e-8
0.9949767589569092, 6.466196822429993e-8, 0.004921118263155222, 1.0289798180185272e-10, 0.0000031068666430655867, 0.00009907464846037328, 2.298191859040344e-9
0.9954437613487244, 4.489099936222374e-8, 0.004090908449143171, 2.3684807448631773e-9, 0.000005195864105189685, 0.00046010519145056605, 1.002612215472709e-8
0.9946054220199585, 4.795702679416536e-8, 0.004430787637829781, 3.857159924791631e-9, 0.000007536741122748936, 0.0009563887724652886, 2.4267743370387507e-8
0.9306933283805847, 5.022374693908205e-8, 0.06750613451004028, 1.2549082661905686e-8, 0.000035931294405600056, 0.001764142420142889, 4.166804501437582e-7
0.9962481260299683, 0.000001159267412731424, 0.003366925287991762, 3.0509075821250065e-10, 0.0000014952469200579799, 0.0003824412706308067, 3.7033153432730614e-8
0.9987539052963257, 4.038083201152176e-9, 0.0004402322811074555, 8.126473716174587e-9, 0.00006661565566901118, 0.0007390748942270875, 1.8421665970436152e-8
0.9693652391433716, 8.660447292641038e-8, 0.028964612632989883, 4.220400029453231e-9, 0.00001796625292627141, 0.001652159495279193, 9.937217981814683e-8
0.9985700249671936, 3.880175825088372e-8, 0.0010049575939774513, 1.3948803223584605e-9, 0.000007243064374051755, 0.00041793385753408074, 1.593909715325026e-8
0.9914752244949341, 2.3806296667316929e-7, 0.007406068500131369, 4.61266758122747e-9, 0.00008193081157514825, 0.001035668421536684, 8.42438964809844e-7
0.9195621013641357, 6.720364353896002e-8, 0.07690761983394623, 2.0452871396514638e-8, 0.00009479923028266057, 0.0034347702749073505, 5.570933581111603e-7
0.9961565136909485, 1.575875252513015e-8, 0.0032391236163675785, 9.076183138390093e-10, 0.0000055606979003641754, 0.0005988966440781951, 6.43493303087439e-9
0.9345184564590454, 7.449861527675239e-8, 0.059997204691171646, 6.921500705914241e-9, 0.00008002339745871723, 0.0054039363749325275, 4.1933196825993946e-7
0.9564135074615479, 1.8489936337573454e-7, 0.040461525321006775, 6.424587439823881e-8, 0.00016247884195763618, 0.00295914220623672, 0.00000325278574564436
0.9488378167152405, 3.5458288749623534e-8, 0.041900280863046646, 3.4204987287012045e-8, 0.0000449131075583864, 0.009216975420713425, 1.3074342497532143e-8
0.9826539754867554, 1.9967747277860326e-7, 0.014527630060911179, 2.279816513350852e-8, 0.0005199374863877892, 0.00229576020501554, 0.0000024591163310105912
0.9994918704032898, 3.36740896500487e-7, 0.0002405867271590978, 3.95765686889149e-9, 0.00006580256740562618, 0.0002002719120355323, 0.0000010059580972665572
0.9532639384269714, 6.528870244437712e-7, 0.04083108901977539, 7.74473178921653e-8, 0.0003886135236825794, 0.005498492158949375, 0.000017075515643227845
0.8553447723388672, 1.2381040903619578e-7, 0.14365679025650024, 2.1247685833003516e-9, 0.000039737100451020524, 0.000958523596636951, 4.6409095233457265e-8
0.9999847412109375, 5.595536034519455e-9, 0.00000631837656328571, 1.0845243973711671e-12, 1.0659422855496814e-7, 0.000008933950994105544, 2.2276493150119592e-10
0.9913586974143982, 1.3602240755972161e-7, 0.00000703097612131387, 5.0969721776539245e-9, 1.3887159866499132e-7, 0.008634164929389954, 2.5293699579265194e-8
0.999620258808136, 0.0000035128537092532497, 0.00026121572591364384, 4.1036338416233775e-7, 0.000059174009948037565, 0.000054491887567564845, 0.00000109515315216413
0.9988531470298767, 5.181403821552522e-7, 0.000402946665417403, 2.053944712088196e-7, 0.000017302123524132185, 0.0007162517285905778, 0.000009778300409379881
0.9946763515472412, 1.158313089888452e-8, 0.00224665435962379, 6.043983646897289e-10, 4.0064583117782604e-7, 0.003076814115047455, 1.4187891972383682e-9
0.9642917513847351, 3.3565505930255313e-9, 0.03221534565091133, 6.66453514597265e-9, 0.0000012519784604592132, 0.003491379087790847, 4.3113382730552985e-7
0.9641581773757935, 1.352897904816075e-9, 0.029326487332582474, 9.581797257851576e-7, 0.002937023527920246, 0.003567759646102786, 0.000009521096217213199
0.9991854429244995, 3.8759306875135735e-8, 0.0007979751680977643, 2.233033480347757e-10, 0.000013072819456283469, 6.95559720043093e-7, 0.000002631647021189565
0.9998502731323242, 1.598307264316645e-8, 0.00014232724788598716, 4.291531713329633e-11, 0.000006827489414718002, 7.346516781581158e-7, 8.320365907366067e-8
0.9995208978652954, 3.3744726124496083e-7, 0.0004541754606179893, 5.879297604316491e-10, 0.000003872421530104475, 0.000020571009372361004, 8.314702171219324e-8
0.9999990463256836, 2.031814290148759e-7, 1.2712293084859994e-7, 1.022975107400903e-13, 1.4850694896040295e-8, 1.1806822186599675e-7, 2.1662430529922894e-11
0.9999704957008362, 1.22976302918687e-7, 0.00002794967258523684, 9.919958951498664e-12, 3.1476028539145773e-7, 0.0000014460470083577093, 5.136389447102374e-8
0.9999914765357971, 1.8983976701747451e-7, 0.000004782930773217231, 7.394264887883306e-12, 0.0000032098312203743262, 3.6597583630282315e-7, 2.5509232060016984e-8
0.9997025728225708, 2.066367272846037e-7, 0.0001603390701347962, 2.2254531550913725e-9, 0.000016150728697539307, 0.00012082483590347692, 1.347638658444339e-7
0.9999942779541016, 2.2437993152379931e-7, 0.000003898006525560049, 1.974349720171298e-12, 1.3399566967109422e-7, 0.0000014875000715619535, 1.0143101913939745e-9
0.9999675750732422, 1.6211872733151722e-8, 0.0000026562586299405666, 1.989405029600988e-10, 0.00000556080794922309, 0.00002434151610941626, 3.4419285199760452e-9
0.9999504089355469, 2.2976085478632058e-9, 9.301461290078805e-8, 9.572164588744769e-11, 0.0000010343179610572406, 0.00004832898048334755, 8.657712047277499e-11
0.9981906414031982, 5.591291341033866e-8, 0.00004414005161379464, 4.765221106595163e-9, 0.000009307709660788532, 0.0017559053376317024, 1.520618830852527e-8
0.9696435332298279, 2.8885638672648817e-11, 0.00014326882956083864, 4.225553240644331e-9, 0.0000018136363451048965, 0.030211467295885086, 1.4390137970110572e-9
0.9904888272285461, 0.0017087279120460153, 0.004358784295618534, 0.000006539340120070847, 0.000047096036723814905, 0.003221002407371998, 0.00016934105951804668
0.919318437576294, 0.037603992968797684, 0.03929746896028519, 0.00001671186510066036, 0.0002142403245670721, 0.003548526670783758, 6.721164140799374e-7
0.9999766945838928, 0.0000010079096455228864, 0.000005618567683995934, 4.705634146229265e-11, 0.000016456100638606586, 4.548440131202369e-7, 7.052911144000973e-9
0.9999685883522034, 1.0565126018491355e-7, 0.00001776491080818232, 9.57694923364727e-10, 0.000004142433226661524, 0.00000945495230553206, 2.2653227915725438e-7
0.9999904632568359, 0.000007938808266771957, 3.1831106639401696e-7, 3.4013522792579465e-13, 0.00000146235015563434, 1.5371348638382187e-9, 1.6836578797807533e-9
0.9999861717224121, 0.000011429019650677219, 0.0000012970508578291629, 2.8127779619357973e-11, 9.650474339650827e-7, 1.1145418454816536e-7, 2.198792792285076e-8
0.999751627445221, 0.00007798384467605501, 0.000008095385965134483, 2.1625256252377767e-8, 0.00015678201452828944, 0.000005484937901201192, 2.2292664425549447e-7
0.9987355470657349, 0.00003739194289664738, 0.0010520076612010598, 4.3309961483828374e-7, 0.00013782207679469138, 0.000030514229365508072, 0.000006384173957485473
0.9987428784370422, 0.000006246127213671571, 0.0005919447285123169, 4.7327046104328474e-7, 0.00015808141324669123, 0.0004971225862391293, 0.000003336035888423794
0.9999613761901855, 0.000010133891919394955, 0.000003091289272560971, 3.8695002757549446e-10, 0.000005036690708948299, 0.00001202543262479594, 0.000008330006494361442
0.9997263550758362, 0.0000013237713574199006, 0.00015102126053534448, 2.136599563939967e-9, 0.00010429977555759251, 0.00001668714867264498, 2.662615656845446e-7
0.8023678660392761, 5.794490789412521e-7, 0.19733810424804688, 7.633572884913065e-9, 0.00002448292616463732, 0.0001168508970295079, 0.0001522011443739757
0.9995446801185608, 2.7406278491071134e-7, 0.00033692788565531373, 6.487072656824466e-9, 0.00003423733141971752, 0.00007433847349602729, 0.000009322240657638758
0.9950653314590454, 6.284810751822079e-7, 0.004410978406667709, 7.274638278431667e-7, 0.00011793941666837782, 0.0004029591800644994, 0.0000015865657587710302
0.9982529878616333, 0.0000012554542081488762, 0.0016419903840869665, 2.152098499408339e-9, 0.000023670450900681317, 0.00007984648982528597, 2.0852705517881986e-7
0.9970201849937439, 0.000010777574971143622, 0.0027923444285988808, 7.332534579518324e-8, 0.000037482048355741426, 0.00007504441600758582, 0.00006423291779356077
0.9995490312576294, 0.0000011178059367011883, 0.0002864535490516573, 2.880691951645531e-8, 0.00006921014573890716, 0.00009235322067979723, 0.000001949449142557569
0.9997792840003967, 0.0000027371659143682336, 0.00014592493243981153, 1.5687680487985745e-8, 0.000046620294597232714, 0.000020664054318331182, 0.00000487313945995993
0.9999723434448242, 0.0000074038689490407705, 0.000011869769878103398, 1.8284020131265066e-10, 0.000007556935543107102, 9.602989621271263e-7, 9.010710755319451e-8
0.9999222755432129, 0.000001991767931031063, 0.00003913891123374924, 2.8794433504231165e-10, 0.00003627387559390627, 3.109854560534586e-7, 1.1150326173492431e-7
0.9990705847740173, 0.0000010479861884959973, 0.0008581647998653352, 1.1383435527534402e-8, 0.000010800368727359455, 0.000041657905967440456, 0.000017446202036808245
0.9988420009613037, 0.00008214664558181539, 0.0010216804221272469, 9.909286546871954e-8, 0.00003285416460130364, 0.00000810934307082789, 0.000013175467756809667
0.9983991384506226, 0.0000023238467292685527, 0.000394879694795236, 8.223146608088427e-8, 0.001189758419059217, 0.000012940310625708662, 5.56247755412187e-7
0.9832722544670105, 0.000006875170129205799, 0.016255736351013184, 5.774102760369715e-7, 0.0003105437208432704, 0.0000986106097116135, 0.00005557808981393464
0.9940492510795593, 0.000002507809767848812, 0.004317804239690304, 3.380250461759715e-7, 0.0015418634284287691, 0.00008259165770141408, 0.00000575906824451522
0.9999775886535645, 7.087720064191672e-7, 0.000011497126251924783, 1.3041457670726064e-11, 0.00000994690435618395, 1.1296315705067173e-7, 2.5232745670678014e-8
0.9999284744262695, 6.493241357929946e-7, 0.000057481563999317586, 2.6276564257798896e-10, 0.000010682586434995756, 0.0000027680584935296793, 1.8394312739644647e-9
0.9999775886535645, 1.6606249708672749e-9, 4.729571045913872e-8, 1.6103698236014097e-11, 0.0000022485387489723507, 0.00002027570371865295, 3.911031654785235e-12
0.9998173713684082, 0.0000010806995760503924, 0.00013406928337644786, 1.3738149506892228e-9, 0.00004202321360935457, 0.000005419416538643418, 1.833897158576292e-7
0.9999890923500061, 1.2463487186753497e-10, 0.0000030556295769201824, 7.527423129261024e-12, 4.499503916122194e-7, 0.000007616111815877957, 1.229927409918119e-10
0.9950577020645142, 5.553175128625298e-7, 0.0029248371720314026, 1.394909645568987e-7, 0.0012146083172410727, 0.000801111978944391, 0.0000010802981478263973
0.9986212849617004, 2.4679952304040853e-8, 0.0000532041049154941, 3.8394798451690804e-8, 0.0011663673212751746, 0.00015903636813163757, 8.940379991884129e-9
0.999370813369751, 0.00000209213544621889, 0.0000015444107930306927, 1.8279932589848613e-7, 0.000001956686901394278, 0.0006234251195564866, 5.111622680686878e-9
0.9999885559082031, 0.000007021064448053949, 0.0000022202893887879327, 2.3036830689576737e-12, 2.8616594249797345e-7, 0.000002120146746165119, 4.250026108820748e-9
0.9958028197288513, 0.0000023795189463271527, 0.0026236861012876034, 0.0000012807910252377042, 0.00030998073634691536, 0.0012537306174635887, 0.000006163008492876543
0.9851925373077393, 5.372014832971672e-9, 0.010819417424499989, 8.417409880223659e-9, 0.0000012564056532937684, 0.003985387738794088, 0.0000014865269122310565
0.9995971322059631, 1.8128717726995092e-7, 0.000018817418094840832, 5.4274618577210276e-8, 0.00038190343184396625, 0.0000016379914313802146, 1.608386526186223e-7
0.9998932480812073, 0.00004634997821995057, 0.0000029160516987758456, 7.03655689271443e-10, 0.000057445970014669, 3.90315847198508e-7, 4.2844675363085116e-8
0.9999823570251465, 2.7448848527455993e-7, 0.000013108176972309593, 6.328167850844224e-11, 0.0000023597508516104426, 0.0000019077294837188674, 1.923146442095458e-8
0.9999780654907227, 0.000009822209904086776, 0.000005685384167009033, 1.094066504059299e-10, 0.0000035705204481928376, 0.000002772343350443407, 9.468639206033913e-10
0.9999980926513672, 7.312156640182366e-7, 3.5665669884110685e-7, 3.3757538431267164e-11, 8.470984198538645e-7, 2.8825166964452364e-7, 6.168870969602835e-10
0.9996019601821899, 0.00035816518357023597, 0.000004014320893475087, 4.6825473276612684e-8, 0.0000059850690377061255, 0.00002489311373210512, 0.000004650773007597309
0.9994722604751587, 0.00022064510267227888, 0.000058099623856833205, 4.79451713886192e-8, 0.0000036524402275972534, 0.00023994126240722835, 0.000005248208708508173
0.9998307824134827, 0.000005374685315473471, 0.000014078897947911173, 3.911082568919255e-9, 0.000002750991598077235, 0.00014703885244671255, 2.6226513227811665e-7
0.9990887641906738, 0.000004781881216331385, 0.0005677973385900259, 5.428861360456949e-9, 0.000018139335224987008, 0.00030034399242140353, 0.000020371060600155033
0.99922114610672, 1.874344235375247e-7, 0.0003584787773434073, 1.2170614738238328e-8, 0.00008488494495395571, 0.00033358988002873957, 0.0000017057060404113145
0.9863877892494202, 0.0000011566938837859198, 0.012712185271084309, 1.6491014775965596e-8, 0.00005534469892154448, 0.000799553410615772, 0.00004404715582495555
0.9967946410179138, 6.494237254628388e-7, 0.0014509386382997036, 8.911986526527471e-8, 0.00004783866461366415, 0.0016903472132980824, 0.000015623711078660563
0.9341711401939392, 1.0041975251340318e-8, 0.03638013079762459, 1.5395569619158778e-7, 0.00004273435479262844, 0.029404444620013237, 0.0000014209421124178334
0.993240475654602, 0.0000013158756928532966, 0.0018924446776509285, 9.634170083927529e-8, 0.000018787861336022615, 0.004838641732931137, 0.000008183689715224318
0.98281329870224, 4.8782322181750715e-8, 0.014766783453524113, 0.000001278733634535456, 0.000045361288357526064, 0.0023445782717317343, 0.000028638352887355722
0.3453945517539978, 0.6529226303100586, 0.0007150354795157909, 0.0007679644040763378, 0.00011267355876043439, 0.00008531343337381259, 0.0000018128260990124545
0.8502578139305115, 0.0031888321973383427, 0.07514043152332306, 0.015292488038539886, 0.0019039195030927658, 0.05405370518565178, 0.00016274445806629956
0.717985212802887, 0.0016942077782005072, 0.16768629848957062, 0.000006555076197400922, 0.11099082976579666, 0.000001303986778111721, 0.0016356410924345255
0.7410768866539001, 0.004143998958170414, 0.10355224460363388, 0.0002793485764414072, 0.14876879751682281, 0.00010003321222029626, 0.002078802790492773
0.9722058773040771, 0.000010931408723990899, 0.023556513711810112, 6.392780704800316e-8, 0.0007252430077642202, 0.0015231719007715583, 0.0019781398586928844
0.9974895715713501, 0.0000031291472168959444, 0.0022488757967948914, 1.315174813498743e-7, 0.00009749842138262466, 0.00011841500963782892, 0.00004255810927134007
0.7041339874267578, 0.000006780587227694923, 0.19830305874347687, 0.00011454750347184017, 0.018011318519711494, 0.03917554020881653, 0.04025468975305557
0.8915243148803711, 0.00021927324996795505, 0.05163506418466568, 0.00018507394997868687, 0.014499783515930176, 0.015036528930068016, 0.026900028809905052
0.5205622315406799, 0.0000018122677829524036, 0.3820774555206299, 0.0003305942809674889, 0.04435892775654793, 0.04559827595949173, 0.007070767227560282
0.9910311102867126, 2.0156541324922728e-7, 0.0004086200788151473, 1.0787497473074836e-7, 0.00002802002381940838, 0.008531018160283566, 8.682469569976092e-7
0.9916943907737732, 5.5257924458373964e-8, 0.0073567964136600494, 6.1331868472791484e-9, 0.00003334084613015875, 0.0009155426523648202, 2.3337518584298778e-8
0.9092028141021729, 3.6434557593167938e-9, 0.04615458473563194, 3.620292687855908e-8, 0.000024289709472213872, 0.044618263840675354, 7.701154203232363e-8
0.9963895082473755, 9.563624558950323e-8, 0.001841860474087298, 1.7703355226217354e-8, 0.000046381821448449045, 0.0017190593061968684, 0.0000029012046525167534
0.9979062676429749, 9.741422672959743e-7, 0.0008970515918917954, 3.4755555589072173e-7, 0.0006671775481663644, 0.0005167273338884115, 0.000011381251169950701
0.9798423051834106, 2.57008309745288e-7, 0.015747250989079475, 7.342496814999322e-7, 0.0031226975843310356, 0.001283000805415213, 0.0000037656961922039045
0.4725249707698822, 0.000014877733519824687, 0.363092839717865, 0.0000027312555630487623, 0.010141285136342049, 0.00046433357056230307, 0.15375900268554688
0.9914454817771912, 0.000021046553229098208, 0.00556365679949522, 3.967473958255141e-7, 0.0018016141839325428, 0.0009230664581991732, 0.00024482214939780533
0.999639093875885, 0.000017550722986925393, 0.00014436000492423773, 2.925261277653135e-8, 0.00018013700901065022, 0.000007737269697827287, 0.00001130309647123795
0.9986043572425842, 0.000043763488065451384, 0.000039384609408443794, 2.462122417057344e-8, 0.0013058878248557448, 7.017139864728961e-7, 0.000006044030214980012
0.9703639149665833, 0.00030635131406597793, 0.000023685241103521548, 7.519354738860784e-8, 0.02930428832769394, 0.000001362088369205594, 1.9593350941704557e-7
0.9948864579200745, 2.4216333827098424e-7, 0.004002549219876528, 2.727023513671156e-7, 0.000525084906257689, 0.0005813342868350446, 0.000004057250862388173
0.9987567663192749, 5.5235791052155037e-8, 0.000989890075288713, 1.6393933321978693e-8, 0.00014617604028899223, 0.00010663148714229465, 4.5047954699839465e-7
0.9999699592590332, 1.5677065334784857e-7, 0.000014162008483253885, 8.113667376852263e-11, 0.00000895170887815766, 0.000006635661520704161, 2.4967772294104407e-9
0.9999876022338867, 3.706131508351973e-7, 2.1237461567125138e-7, 1.8136125934375968e-9, 0.000010679168553906493, 8.989459274744149e-7, 5.273826375606916e-10
0.9998813271522522, 1.053451086363566e-7, 0.00009432316437596455, 4.754956983710201e-10, 0.0000030971921205491526, 0.000021512900275411084, 2.496625128856067e-8
0.9994975328445435, 3.781211788123073e-9, 0.0003144351940136403, 1.5427008559498745e-9, 0.00013457237218972296, 0.00005363856325857341, 1.6475890873834942e-8
0.9983782172203064, 0.0000010428723271616036, 0.00004000268017989583, 4.004599674090059e-8, 0.0015694708563387394, 0.000011394787179597188, 1.0961613128301906e-7
0.9996129274368286, 0.0000020024372133775614, 0.000013362415302253794, 2.4477477822415494e-8, 0.0003675244515761733, 0.000004006537437817315, 7.75194308744176e-8
0.9976816773414612, 0.000008930562216846738, 0.00016840826719999313, 0.0000059452040659380145, 0.002058371203020215, 0.00007024689693935215, 0.000006403133738785982
0.9946843981742859, 1.1810756461727578e-7, 0.00480413855984807, 2.685900923893314e-8, 0.0004867752722930163, 0.000011657115464913659, 0.000013081100405543111
0.9976477026939392, 0.000011645685844996478, 0.000013095341273583472, 3.4925477621072787e-7, 0.0023239541333168745, 0.0000015874701375651057, 0.000001954445224328083
0.9999585151672363, 0.00001516529118816834, 0.0000015583166259602876, 4.6359422967157116e-9, 0.00002447912447678391, 5.933449074291275e-7, 1.0228193847439115e-9
0.9999899864196777, 0.000005811168648506282, 9.657252064698696e-8, 6.112359750287677e-12, 1.1137082367440598e-8, 0.000003962383743782993, 7.796344819732681e-11
0.32183507084846497, 8.062893357418943e-7, 0.011287515982985497, 0.00009561909973854199, 0.0003263569378759712, 0.666441023349762, 0.000013643628335557878
0.7685254216194153, 8.68613270199603e-8, 0.0000055156538110168185, 2.3677543481426255e-8, 0.000012820615665987134, 0.23145420849323273, 0.0000019454917037364794
0.9999966621398926, 5.69101032965591e-9, 5.475345687955269e-7, 4.128579769724361e-11, 0.0000019012936718354467, 8.015014145712485e-7, 2.0127517430523767e-9
0.9999923706054688, 0.000004534912022791104, 0.000001361719228043512, 2.4738464315249287e-12, 1.236130060533469e-7, 0.0000014352533526107436, 8.78462025344362e-10
0.999995231628418, 2.475982512351038e-7, 0.0000037579227409878513, 4.644077136739533e-11, 5.297893608258164e-7, 3.361519702593796e-7, 5.889177145945723e-9
0.9999147057533264, 1.530256987791745e-8, 0.000034562574001029134, 6.435282307037937e-10, 0.000017303473214269616, 0.00003348073732922785, 1.061395860091352e-8
0.9998669624328613, 1.3737222914755876e-8, 0.000029884442483307794, 1.216381106949882e-9, 0.00008194451220333576, 0.000021117082724231295, 3.302977091834691e-8
0.9991911053657532, 1.6798001922779804e-7, 0.0006321760010905564, 5.9264095852995524e-9, 0.00006573005521204323, 0.0001107978168874979, 5.5782670926873834e-8
0.9987086653709412, 1.1587771853172057e-9, 0.0010654968209564686, 1.431594339601494e-11, 3.286659193690866e-7, 0.0002255254948977381, 1.3557340805547824e-9
0.9999618530273438, 4.5538257609223365e-8, 0.000018282225937582552, 6.904145588570998e-10, 0.000013405980098468717, 0.000006565831426996738, 4.54098980640083e-8
0.9999785423278809, 9.188987348807132e-8, 0.000018451595678925514, 1.6032852129255204e-12, 6.654814228568284e-7, 0.0000024052967546595028, 8.23269841188079e-10
0.9999890923500061, 7.332001672466504e-8, 0.00000629003898211522, 1.00869500252454e-10, 0.0000012374151765470742, 0.0000034744527965813177, 3.821512439827757e-9
0.9999780654907227, 1.3768841711225832e-7, 3.7029087707196595e-7, 4.961376101619841e-11, 0.000021670703063136898, 1.3099949569550517e-7, 8.550512520244524e-10
0.9999608993530273, 1.3391226794112754e-8, 0.000024935668989201076, 9.659884003809793e-11, 0.000008722703569219448, 0.0000056358494475716725, 3.8439549321367394e-9
0.9999794960021973, 8.872427237349712e-9, 0.000018275339243700728, 9.615123801320902e-12, 1.2385527270453167e-7, 0.00000218648710870184, 1.4872858500325492e-8
0.9944301247596741, 8.610055779456616e-9, 0.004835783038288355, 5.023477633869788e-9, 0.000001945741360032116, 0.0007321833982132375, 5.001383485137012e-8
0.9769704341888428, 5.779892475743509e-8, 0.022392017766833305, 3.1775396536204426e-8, 0.00001199819780595135, 0.0006254609324969351, 1.284586375049912e-7
0.9988829493522644, 2.6822530863057636e-9, 0.0010934204328805208, 3.8311596950446614e-11, 9.432728802494239e-7, 0.00002273026439070236, 1.78861991884105e-8
0.9999074935913086, 4.984333390467555e-9, 0.000024087730707833543, 4.370027603672888e-11, 0.000013165821656002663, 0.00005528261317522265, 8.625105962778434e-9
0.9999713897705078, 2.134741521331307e-7, 0.000012611701095011085, 3.975176784964951e-11, 0.000005017483090341557, 0.000010948793715215288, 3.409266480236539e-10
0.9999151229858398, 4.430733113736096e-8, 0.000079051882494241, 1.1254251003345317e-11, 4.0790766320242255e-7, 0.000005066048288426828, 2.563980956438172e-7
0.9999608993530273, 7.134822226362303e-7, 0.000006137930995464558, 9.877451745410326e-9, 0.000026501200409256853, 0.000006056925030861748, 6.082259140782753e-9
0.9999532699584961, 9.371883130659953e-11, 0.00003626505349529907, 2.7101819052854914e-12, 5.8719795248407536e-8, 0.00001065336346073309, 7.576655275398636e-11
0.9999446868896484, 1.8529531686795053e-8, 0.00004732138040708378, 1.628079893123413e-10, 0.000004775910838361597, 0.0000033046887892851373, 7.564363357914772e-9
0.9982515573501587, 1.446888546752234e-7, 0.0016366783529520035, 1.738260380079737e-8, 0.000035310036764713004, 0.00007559333607787266, 7.831312132111634e-7
0.9941821694374084, 4.317429898037517e-7, 0.0035082860849797726, 2.50071138907515e-7, 0.0017805127426981926, 0.0005267355591058731, 0.0000016695954627721221
0.9999384880065918, 3.4057521247632394e-7, 0.00004073573654750362, 1.0258327173828796e-11, 0.00002045585642918013, 1.7434041410524515e-7, 1.0079884704694564e-9
0.9461755752563477, 5.976561823217708e-8, 0.053680483251810074, 6.141998909470203e-9, 0.000010554249456617981, 0.00013202677655499429, 0.000001252390575245954
0.9998793601989746, 0.000013875284821551759, 0.00004310237636673264, 2.8053722189724795e-7, 0.00003722990368260071, 0.000025948904294637032, 1.5887655990809435e-7
0.9955472946166992, 0.0000031576057608617702, 0.00004062725565745495, 0.000002626891728141345, 0.0037416047416627407, 0.0006636669859290123, 0.0000011839709941341425
0.9999876022338867, 3.038557405687925e-9, 0.000003333073436806444, 2.1544099837456088e-9, 0.0000037714955851697596, 0.000005166047685634112, 1.8040708482658374e-8
0.9992111921310425, 0.0000015762271914354642, 0.0006497607100754976, 5.060392549438575e-9, 0.00012106836948078126, 0.00001587658880453091, 8.013170713638829e-7
0.9600565433502197, 1.6645066125420271e-7, 0.039709270000457764, 2.636909712805391e-8, 0.00008806776168057695, 0.00013254655641503632, 0.000013585058695753105
0.9987348318099976, 1.9792834393683734e-7, 0.0010919584892690182, 6.796033513722932e-9, 0.00011787137918872759, 0.000054199103033170104, 9.61643081609509e-7
0.9964037537574768, 3.068823843932478e-7, 0.0015178036410361528, 4.468458669748543e-8, 0.000013375159142015036, 0.0020480940584093332, 0.00001654867264733184
0.933728039264679, 0.0000036144006116956007, 0.062092915177345276, 0.00000333863476953411, 0.0008389333379454911, 0.0033036202657967806, 0.000029559792892541736
0.9863908290863037, 0.000009018885975820012, 0.010746140033006668, 5.131665261615126e-7, 0.0024840575642883778, 0.00034502605558373034, 0.000024507604393875226
0.9994019865989685, 1.0330006716685602e-7, 0.00023174543457571417, 4.577916712378283e-8, 0.0001602469856152311, 0.00018331962928641587, 0.000022435498976847157
0.9983220100402832, 9.073110618373903e-7, 0.00001040818551700795, 4.530004815705979e-9, 0.0016660671681165695, 5.174619559511484e-7, 1.9447462307198293e-7
0.9986277222633362, 2.428221712591494e-8, 0.00006104907515691593, 1.9827275821171497e-8, 0.001297905808314681, 0.000013054218470642809, 1.2537706872706167e-8
0.9993212223052979, 1.3579312962974655e-7, 0.000058359597460366786, 8.068781198744546e-9, 0.0006147001986391842, 0.000005597008112090407, 4.108106921307808e-8
0.8627534508705139, 8.269185514109267e-7, 0.10229390114545822, 0.0000023400416466756724, 0.00014482853293884546, 0.03480158746242523, 0.000003168780040141428
0.9913851618766785, 7.046721748338314e-7, 0.0018719527870416641, 7.565362807326892e-7, 0.003924173768609762, 0.002812265418469906, 0.000004960961632605176
0.9521383047103882, 4.640964448299201e-7, 0.039507873356342316, 0.0000013410943893177318, 0.004526392091065645, 0.003798913676291704, 0.000026633793822838925
0.9951390624046326, 0.000001466826802243304, 0.0002763538504950702, 2.80956612641603e-7, 0.0035938608925789595, 0.0009869395289570093, 0.0000019198387235519476
0.9930529594421387, 6.915701078469283e-7, 0.003017559414729476, 6.974381676627672e-7, 0.0014828551793470979, 0.0024380660615861416, 0.000007398536581604276
0.9793015122413635, 1.1989209269813728e-7, 0.020006567239761353, 9.581722082430133e-8, 0.0003151666314806789, 0.00037293104105629027, 0.00000364269430974673
0.9903329610824585, 8.579533528063621e-8, 0.007439709268510342, 5.3026028012936877e-8, 0.00030500738648697734, 0.0019209859892725945, 0.0000012381728993204888
0.9737127423286438, 1.0867832855865345e-7, 0.02246132306754589, 5.177980000325988e-8, 0.0010254790540784597, 0.002799968933686614, 4.7439991135433957e-7
0.9993979334831238, 4.844234169354422e-8, 0.00020010040316265076, 1.2924873615816068e-8, 0.00035871370346285403, 0.000043228727008681744, 4.6033772349574065e-8
0.9961507320404053, 5.200386254955447e-8, 0.002671311842277646, 1.4386522195763973e-8, 0.00020866449631284922, 0.0009693937026895583, 1.0128427163635934e-7
0.9934228658676147, 4.0948219037773015e-8, 0.0061829411424696445, 9.000770129219404e-10, 0.000021819951143697836, 0.00037226357380859554, 5.592814389387968e-8
0.9840060472488403, 0.000001234638716596237, 0.012032018974423409, 2.0145698442775029e-7, 0.002969518071040511, 0.0009898750577121973, 0.0000011192344118171604
0.9991059303283691, 0.0000017681974213701324, 0.00006996560114203021, 2.412456012734765e-8, 0.00081647775368765, 0.000005888195573788835, 4.2219461704462447e-8
0.9999284744262695, 0.000007311991794267669, 0.00004113639079150744, 3.494284861460528e-10, 0.000022261368940235116, 7.360195581895823e-7, 5.134624281311062e-9
0.9905910491943359, 0.0000015774988924022182, 0.003537191543728113, 0.000008550499842385761, 0.0011067504528909922, 0.004733947105705738, 0.000021010466298321262
0.9985167384147644, 0.0000011495196758914972, 0.0007420522742904723, 2.1991648679886566e-7, 0.0001544625120004639, 0.0005843456019647419, 0.0000011580787031562068
0.9743251204490662, 1.792821961998925e-7, 0.003833912080153823, 1.5175442058534827e-7, 0.000022464928406407125, 0.021817706525325775, 3.5455425972941157e-7
0.9998813271522522, 4.259256058958272e-8, 0.00008276031439891085, 1.1448122311241704e-10, 0.000004721542609331664, 0.00003148103860439733, 9.533555278551376e-9
0.9988953471183777, 8.062681189358045e-8, 0.0008451853645965457, 4.159391053804029e-9, 0.000031474173738388345, 0.00022731992066837847, 7.712004617133061e-7
0.9996657967567444, 2.4107055196509464e-7, 0.00019701794371940196, 3.2846700914745952e-9, 0.00011022705439245328, 0.00002635602322698105, 2.52953697099656e-7
0.9703602194786072, 1.0231127944848595e-8, 0.013322191312909126, 3.8513356948044475e-9, 0.000005067407983005978, 0.016312474384903908, 7.536802115737373e-8
0.9674652218818665, 6.140058417258842e-8, 0.030309924855828285, 2.0361275332447804e-8, 0.000016156025594682433, 0.0022075041197240353, 9.543364285491407e-7
0.9989105463027954, 1.8468951923367172e-9, 0.0007465156959369779, 3.7142992674599196e-12, 5.069686608294433e-7, 0.00034227396827191114, 2.7903213073443567e-9
0.9975325465202332, 5.780641387787e-8, 0.0022085243836045265, 3.338988252554742e-10, 7.53376298234798e-7, 0.00025814445689320564, 3.9497010106970265e-8
0.9766320586204529, 3.166020690059668e-8, 0.014046462252736092, 4.556963517643453e-8, 0.000006416090400307439, 0.009311501868069172, 0.0000035607201880338835
0.9064405560493469, 0.09332508593797684, 0.00005200485247769393, 0.000022786049157730304, 0.000008104627340799198, 0.0001458017941331491, 0.000005749771389673697
0.9999495148658752, 1.3107276686241676e-7, 0.0000029293012175912736, 2.317413594354889e-9, 0.00004277115294826217, 0.000004608418294083094, 6.59931984614559e-8
0.9999818801879883, 0.0000037664578940166393, 0.000010435163858346641, 1.2527916204430056e-10, 0.0000017437222368243965, 0.000001353053335151344, 7.749729320494225e-7
0.9990370869636536, 3.926724048142205e-7, 0.00034792511723935604, 5.997965502047009e-8, 0.0004521310329437256, 0.0001590459287399426, 0.000003438934982114006
0.9995242357254028, 3.214069366208605e-8, 0.00040644232649356127, 3.101068846156352e-10, 0.0000010644818075888907, 0.00006807659519836307, 2.0735431149887518e-9
0.9996162056922913, 2.5143499726709706e-8, 0.000037480487662833184, 1.9117443184057947e-9, 0.000050855018344009295, 0.0002955584495794028, 1.5942573483584965e-8
0.9984495639801025, 1.1245802067350041e-9, 0.0006639394559897482, 2.208012661597536e-9, 0.000014068124983168673, 0.0008724519284442067, 5.41476918858308e-10
0.999751627445221, 1.3964726264248384e-8, 0.000009506141395831946, 1.4536877257498304e-9, 0.00008375247853109613, 0.0001550781016703695, 2.8820978936749952e-9
0.9987069368362427, 8.555306152402409e-8, 0.00016104703536257148, 3.277811444490908e-8, 0.0008095930679701269, 0.00032202788861468434, 1.1730474369642252e-7
0.9965959787368774, 9.361294850407376e-9, 0.0005608663195744157, 6.994040901986409e-9, 0.00006144592771306634, 0.0027815010398626328, 5.404598724112475e-8
0.9997664093971252, 2.2421772882808e-8, 0.00007338172872550786, 2.608929294822815e-9, 0.00006146490341052413, 0.0000988646424957551, 1.668476912186634e-8
0.9803730845451355, 2.029588941354632e-9, 0.005800644401460886, 7.653238043303645e-9, 0.00004330494994064793, 0.013783044181764126, 4.568346145816804e-9
0.999660074710846, 8.66978311364619e-8, 0.00007083822856657207, 2.330190929100695e-9, 0.00005681495531462133, 0.0002122666483046487, 3.188105779372563e-8
0.9985677003860474, 3.997427100443929e-8, 0.00030248548137024045, 7.043546190743655e-9, 0.00022265224833972752, 0.0009073367109522223, 5.336367081554272e-8
0.9953120350837708, 2.6545774467479077e-9, 0.0016837174771353602, 4.7669352909451845e-9, 0.00005779005368822254, 0.002946485998108983, 1.8910233379187957e-9
0.6819549202919006, 8.540197993234244e-10, 0.011935832910239697, 7.956703598210879e-7, 0.000058832189097302034, 0.3060493767261505, 1.6878230724159948e-7
0.9968563914299011, 1.042751129887165e-8, 0.0007319651776924729, 9.215522567274093e-9, 0.0000460082374047488, 0.002365435240790248, 6.707857824750363e-9
0.999580442905426, 4.161194624430209e-7, 0.0001960066583706066, 2.656279995960631e-8, 0.00009805666195461527, 0.00012484741455409676, 3.9799090245651314e-7
0.9943009614944458, 2.241605159269966e-7, 0.002160813193768263, 2.292753364940836e-8, 0.000057362867664778605, 0.0034804819151759148, 2.3459335807274329e-7
0.9977195262908936, 8.403454643257646e-8, 0.0009244147222489119, 8.181343247315453e-8, 0.000388405256671831, 0.0009672826272435486, 2.59767119814569e-7
0.9842484593391418, 1.0108548309517573e-7, 0.0037095302250236273, 4.197124496840843e-7, 0.0005558319389820099, 0.011483976617455482, 0.0000017200859474542085
0.998321533203125, 3.42118200435948e-9, 0.0008927609887905419, 2.9905298237764555e-9, 0.00002958487493742723, 0.0007558533689007163, 7.269956636690722e-9
0.9883047342300415, 2.973978041609371e-8, 0.0017983195139095187, 1.259537327769067e-7, 0.00041270937072113156, 0.009484052658081055, 1.328392897903541e-7
0.9646090865135193, 1.878450062164916e-9, 0.005717222113162279, 7.2093797598427045e-9, 0.000010299009773007128, 0.029663395136594772, 2.8614211000643763e-9
0.989488959312439, 2.2891037954053672e-9, 0.004784882999956608, 5.1780078003105245e-9, 0.000012984748536837287, 0.005713202059268951, 3.2924090120900473e-9
0.9991101026535034, 7.160431181318927e-8, 0.00006591824057977647, 8.288154884628085e-11, 0.0000013796118309983285, 0.0008224786724895239, 3.6932775060449785e-8
0.9993317127227783, 5.370161559881126e-8, 0.0005436002975329757, 1.267884353062243e-9, 0.00002587826020317152, 0.00009889477223623544, 3.55891778269779e-8
0.9995518922805786, 2.386560726819198e-9, 0.00035618565743789077, 6.898963345047804e-11, 0.00003455953628872521, 0.00005723178037442267, 5.647276868359086e-9
0.9996872544288635, 2.728430104070867e-8, 0.00020062635303474963, 5.501875621760632e-10, 0.000030996230634627864, 0.00008092640928225592, 2.3352949796162648e-8
0.9981763362884521, 9.60231716362614e-9, 0.0010624388232827187, 1.0185270404861058e-9, 0.00004824455390917137, 0.0007129498408176005, 2.7237016198000674e-8
0.9994518160820007, 4.138951936738522e-8, 0.00025388089125044644, 7.53800755148859e-9, 0.0000458006834378466, 0.0002486783196218312, 4.3951036587941417e-8
0.9743955135345459, 6.420681586405408e-8, 0.012750275433063507, 1.0387264381961359e-7, 0.00005573570524575189, 0.01279799360781908, 3.726920567714842e-7
0.9995037317276001, 2.4990491453991126e-8, 0.00023042623070068657, 3.320793418026824e-9, 0.000018820168406818993, 0.00024723788374103606, 1.2683067041052709e-8
0.9821298122406006, 2.0610335660364854e-9, 0.00348245189525187, 3.497533640484107e-8, 0.00017829873831942677, 0.014209696091711521, 7.08940817162329e-9
0.9927051663398743, 2.255383613203321e-8, 0.004229489713907242, 1.2890709832902303e-8, 0.00008922766573959962, 0.0029762585181742907, 3.4213581301401064e-8
0.9939079880714417, 2.6466960179050147e-8, 0.0008936519734561443, 5.6616300980749656e-8, 0.0004472660075407475, 0.004750940017402172, 2.226303479346825e-7
0.9950261116027832, 2.1263954153027953e-8, 0.0026242132298648357, 3.4019274064434057e-9, 0.00003203558662789874, 0.0023175645619630814, 1.6037196459706138e-8
0.9887220859527588, 8.020951902665274e-9, 0.0011021262034773827, 2.837923318566027e-7, 0.000280102452961728, 0.009895031340420246, 3.9851690303294163e-7
0.8002263903617859, 5.243479872518719e-9, 0.09046781063079834, 1.5246914131239464e-7, 0.0000689378721290268, 0.10923659801483154, 3.587848951269734e-8
0.9984148144721985, 9.822574043027998e-8, 0.0002421404205961153, 1.0425801377778043e-7, 0.0006331910262815654, 0.0007093437598086894, 2.319562071306791e-7
0.9987600445747375, 4.1208355838762145e-8, 0.00045894389040768147, 3.1976330916450024e-8, 0.0002645637432578951, 0.0005163421737961471, 1.2461079279546539e-7
0.9958004951477051, 5.171918360247219e-7, 0.0019377495627850294, 9.684447377367178e-8, 0.0010251360945403576, 0.0012286455603316426, 0.000007407266366499243
0.9420343041419983, 2.9021602898637866e-9, 0.0031316527165472507, 2.010841910760064e-7, 0.00018052001541946083, 0.054653313010931015, 1.7813938768540538e-8
0.9318830370903015, 9.736505823809694e-9, 0.03975193575024605, 5.667621039151527e-8, 0.00004231917773722671, 0.02832263708114624, 2.762432238512247e-8
0.9998273849487305, 1.754602720893672e-7, 0.00016507667896803468, 1.6153208770575134e-9, 0.0000012263145663382602, 0.000003823073257080978, 0.000002612055595818674
0.9929000735282898, 0.0022651965264230967, 0.0008365929825231433, 0.00008398860518354923, 0.003709606360644102, 0.0000808848490123637, 0.00012376939412206411
0.9809994697570801, 0.000017636424672673456, 0.012974132783710957, 0.0000034086529012711253, 0.0025976430624723434, 0.000013919436241849326, 0.0033936966210603714
0.9959574937820435, 3.282642353497067e-7, 0.0035274361725896597, 4.7466908625892756e-8, 0.00009498351573711261, 0.0004149111337028444, 0.000004823036761081312
0.8420148491859436, 5.927067547872866e-8, 0.009845861233770847, 0.00003829472552752122, 0.000681907229591161, 0.14740611612796783, 0.000012896281077701133
0.987483024597168, 4.4808402321905305e-8, 0.004433789290487766, 7.707356530772813e-7, 0.00024794298224151134, 0.007795494049787521, 0.00003903300239471719
0.9983739256858826, 0.000005477770628203871, 0.0007272896473295987, 1.1553536438668743e-7, 0.00017400224169250578, 0.0005231208633631468, 0.00019613848417066038
0.3982497751712799, 7.475384933286477e-8, 0.17976005375385284, 0.00000480280868941918, 0.0004757316783070564, 0.4208976626396179, 0.0006119000026956201
0.99863201379776, 9.641191844877994e-9, 0.0006780384574085474, 9.469978579090821e-9, 0.00003886066406266764, 0.0006463716854341328, 0.000004758414888783591
0.36723577976226807, 8.8228198080742e-9, 0.028214406222105026, 0.000004804472609976074, 0.000024007074898690917, 0.6044826507568359, 0.0000383402657462284
0.9039886593818665, 0.0014707131776958704, 0.0016758037963882089, 0.07977275550365448, 0.0026142247952520847, 0.010411621071398258, 0.00006609976117033511
0.9535890221595764, 5.120306809658359e-7, 0.03834490850567818, 9.9644489637285e-7, 0.000028047896194038913, 0.007833702489733696, 0.0002028406597673893
0.9117398262023926, 0.000001491272882958583, 0.0028945417143404484, 0.0000018146532738683163, 0.000019245591829530895, 0.08520539104938507, 0.0001375866704620421
0.9994122385978699, 1.3580749680386361e-7, 0.00020478667283896357, 1.4961626382259396e-9, 0.000266573071712628, 0.00011609237117227167, 3.39554645734097e-7
0.9996272325515747, 3.0004938533778613e-9, 0.00030280518694780767, 1.8608066476577534e-10, 0.000026093754058820195, 0.00004374648051452823, 1.1249607911878456e-9
0.9996686577796936, 3.803869930152359e-8, 0.0001851292618084699, 3.2931100069077957e-9, 0.0000070046912696852814, 0.00013905235391575843, 2.304657353846551e-9
0.9998999238014221, 2.0335477302069194e-8, 0.00007310193905141205, 2.9095251208310913e-10, 0.00000383576571039157, 0.00002317223152203951, 1.9408858964453657e-9
0.9967186450958252, 9.481766483077081e-8, 0.0009549831738695502, 9.289024660574796e-8, 0.00032648598426021636, 0.001999117434024811, 7.421931513817981e-7
0.9997077584266663, 0.000001741096184559865, 0.00020010040316265076, 1.0717967846574084e-8, 0.00003211526927771047, 0.000055262556998059154, 0.000003176145128236385
0.9206613302230835, 3.5136899612098205e-8, 0.020791813731193542, 0.000003923641543224221, 0.0007062179502099752, 0.057834431529045105, 0.0000022742199234926375
0.9982648491859436, 8.014336572159664e-8, 0.0015449058264493942, 8.888277336360773e-10, 0.000011972259017056786, 0.00017824393580667675, 1.999635834692981e-8
0.9574379324913025, 1.6914150080538093e-7, 0.006789708975702524, 7.156683636821981e-7, 0.00009355082147521898, 0.03567352518439293, 0.000004548782726487843
0.9993427395820618, 9.115589136854396e-7, 0.00002798006244120188, 6.246829720168989e-9, 0.0006071724928915501, 0.00002105177190969698, 1.8142959845590667e-7
0.996619462966919, 1.6090459098450083e-7, 0.0025364921893924475, 2.2151585454821543e-8, 0.00030125846387818456, 0.0005421092500910163, 5.169956125428143e-7
0.9995666742324829, 2.769464231278107e-7, 0.00013498085900209844, 1.0044498566230686e-8, 0.00023824902018532157, 0.00005953151412541047, 1.4317190277779446e-7
0.9953119158744812, 1.8964510672958568e-7, 0.0009260312072001398, 1.641188873691135e-7, 0.0020146772731095552, 0.0017461212119087577, 8.308855967698037e-7
0.9979584217071533, 5.016653972234053e-7, 0.0010340785374864936, 1.1207121985989943e-7, 0.0002273450227221474, 0.0007788214134052396, 7.837889484108018e-7
0.9813558459281921, 2.4992605318630012e-8, 0.005533767398446798, 1.5783959383952606e-7, 0.00022449117386713624, 0.012885342352092266, 2.854955596376385e-7
0.9998526573181152, 2.8910124072467625e-8, 0.00012166662781964988, 7.45406847357799e-10, 0.000005174380021344405, 0.00002068929825327359, 1.5235086525677843e-9
0.9982396364212036, 7.232969210235751e-7, 0.0001694300735834986, 1.175904458250443e-7, 0.0015473422827199101, 0.000041760857129702345, 8.219353162530751e-7
0.9998622536659241, 9.817744484053037e-8, 0.000030229561161831953, 2.8114874872642304e-9, 0.00009655150643084198, 0.000011096060916315764, 1.0078138323876829e-8
0.9949504733085632, 1.522562165234831e-8, 0.0021333573386073112, 1.1540392641506969e-8, 0.00010495675087440759, 0.002811083337292075, 2.6527530394560017e-8
0.9933768510818481, 2.986227087831139e-8, 0.00544536579400301, 2.815374378073443e-9, 0.000009651073924032971, 0.0011680925963446498, 2.0121158073038714e-8
0.9967254400253296, 6.138191732674159e-9, 0.00048381206579506397, 5.901616528802833e-9, 0.00008638627332402393, 0.002704446669667959, 3.7374059402850435e-9
0.9982665777206421, 4.167564959800529e-9, 0.0004884313675574958, 5.09811126647719e-9, 0.0001253738155355677, 0.0011195495026186109, 2.417325006831561e-9
0.8991355299949646, 3.2596527699269018e-9, 0.025566020980477333, 0.0000010867084938581684, 0.00023221959418151528, 0.07506483793258667, 2.3492482625897537e-7
0.99973064661026, 0.000007862392521928996, 0.000058143654314335436, 4.938771169804568e-8, 0.00012589461402967572, 0.00007129517325665802, 0.000006024795311532216
0.9991130232810974, 1.7371942817590025e-7, 0.00003095593274338171, 8.515259608543602e-10, 0.0008497347589582205, 0.000006097894129197812, 4.830413846690362e-9
0.001056677894666791, 0.9989153146743774, 6.079532965941326e-8, 1.007117234053112e-8, 0.000027425177904660814, 3.9902513293554875e-8, 4.3510775071808894e-7
0.9452614188194275, 0.052666496485471725, 0.000021118812583154067, 0.000001181648713100003, 0.002045127097517252, 0.0000010552827234278084, 0.000003681075668282574
0.9143278002738953, 0.08517982065677643, 0.000011662264114420395, 8.634837200816037e-8, 0.00046947578084655106, 0.0000029412226467684377, 0.00000846487091621384
0.9996167421340942, 0.00022124596580397338, 0.000005218865226197522, 1.3579458668644406e-9, 0.00015666992112528533, 9.948298895778862e-8, 1.3124878250891925e-7
0.9998273849487305, 0.00005978248009341769, 0.000003860735887428746, 2.7271103153481135e-9, 0.00010903753718594089, 1.6726974649827753e-7, 5.3622368767491935e-9
0.9999814033508301, 0.000004243781859258888, 0.0000045244860302773304, 1.5318358803639853e-9, 0.000007551053386123385, 0.0000022229121441341704, 7.704444193734616e-9
0.9985686540603638, 0.0000013824546840623952, 0.00005656907887896523, 1.0095499902718075e-7, 0.0013692369684576988, 0.000003983340775448596, 1.936062687946105e-8
0.9999123215675354, 0.00002085555752273649, 0.0000033068040465877857, 4.925567176350398e-10, 0.00006323707930278033, 2.7430601790001674e-7, 2.0935244648967455e-8
0.999936580657959, 0.00003537096199579537, 0.000004489533239393495, 3.873384724073503e-9, 0.000008863445145834703, 0.000013788222531729843, 9.944037628883962e-7
0.9987571835517883, 0.00019991888257209212, 0.00009446305921301246, 6.546797770567991e-9, 0.0009423590963706374, 0.0000011702034043992171, 0.0000049787809075496625
0.9993212223052979, 0.000010013179235102143, 0.0004216461966279894, 1.0601183042524553e-8, 0.00020207314810249954, 0.000008967546818894334, 0.0000361307684215717
0.9997039437294006, 0.000028918950192746706, 0.000029781049306620844, 1.3600011072867346e-7, 0.00020784209482371807, 0.000005611137112282449, 0.0000237097883655224
0.9994970560073853, 0.00027550169033929706, 0.0000031403908451466123, 7.055727557769842e-9, 0.00022399636509362608, 3.076338828122971e-7, 1.2589029552145803e-7
0.9989206194877625, 0.0004029938136227429, 0.000005932593921897933, 1.3537531096119437e-9, 0.0006692279712297022, 2.763367206171097e-7, 8.557047976864851e-7
0.9999346733093262, 0.000003447315293669817, 0.00003964238567277789, 1.4308090823256236e-10, 0.00002169706203858368, 3.8720892803212337e-7, 1.1388689102886929e-8
0.36637917160987854, 0.5508807897567749, 0.06899789720773697, 0.0029652321245521307, 0.0028105687815696, 0.007916318252682686, 0.00005019576201448217
0.2147301286458969, 0.009966031648218632, 0.006515040993690491, 0.7653883695602417, 0.0010188479209318757, 0.0014472947223111987, 0.0009341993136331439
0.9995871782302856, 0.000005504893579200143, 0.0003836896503344178, 4.737099601470618e-10, 0.000001656773974900716, 0.00002187927020713687, 1.1192537385795731e-7
0.9581542015075684, 2.950909276933089e-7, 0.03682127594947815, 2.703682184801437e-7, 0.00002422742727503646, 0.004854847211390734, 0.00014490552712231874
0.9982293844223022, 7.267121304721513e-8, 0.0016107716364786029, 1.2359208767520613e-8, 0.000015784396964590997, 0.0001435787562513724, 2.238702734302933e-7
0.9800617694854736, 9.253503208128677e-8, 0.017651332542300224, 8.237542914457663e-8, 0.000010689268492569681, 0.0022713455837219954, 0.000004645224180421792
0.9999980926513672, 3.264460985974438e-7, 7.715431138421991e-8, 7.159619170313616e-14, 3.408188931075529e-8, 0.000001890010821625765, 2.0568281799970833e-10
0.2779523432254791, 0.5964435338973999, 0.0005291186971589923, 0.00007655932859051973, 0.0025248522870242596, 0.12244044989347458, 0.000033025091397576034
0.8439746499061584, 0.00009825605229707435, 0.0004080195212736726, 0.0006560789188370109, 0.14982478320598602, 0.0049690003506839275, 0.00006930555537110195
0.9015659689903259, 0.09835608303546906, 0.000016457275705761276, 1.9303399767522933e-7, 0.000002396935087745078, 0.000056363860494457185, 0.000002519291001590318
0.9952956438064575, 0.004663633182644844, 0.000014040960195416119, 3.228455511816719e-7, 0.00001851117667683866, 0.000003938146164728096, 0.000003981982445111498
0.999631941318512, 0.00034818213316611946, 0.000002925284206867218, 7.202471863365645e-8, 0.000014818430827290285, 0.000001940138872669195, 3.5306584322825074e-8
0.0598885752260685, 3.921339253309952e-9, 0.04345031827688217, 1.7005566732564148e-8, 3.321750341456209e-7, 0.8966570496559143, 0.000003792952156800311
0.9997783303260803, 1.0904346225970585e-7, 0.00005157186387805268, 6.409690112008093e-9, 0.000002743636514423997, 0.0001673420483712107, 1.3174806667848316e-7
0.9001040458679199, 1.1605250094248731e-8, 0.0880599394440651, 2.6939878239318205e-7, 0.00032572352210991085, 0.011505198664963245, 0.000004796336270374013
0.9980325102806091, 9.708252690643349e-8, 0.0009677085909061134, 6.789476856283727e-7, 0.0003178472106810659, 0.0006632520817220211, 0.000017815076716942713
0.9997501969337463, 4.431312845554203e-7, 0.00016368244541808963, 1.188780074379281e-9, 0.00007708354678470641, 0.000006905322152306326, 0.0000015209022876661038
0.9999942779541016, 2.7309527084184992e-8, 4.200638556994818e-7, 2.4260849405821627e-12, 0.000005313774636306334, 1.801758600095127e-7, 7.804718538118038e-10
0.999995231628418, 8.083728175733995e-7, 0.0000013798435247736052, 7.741610304201618e-12, 0.0000021466762518684845, 3.938604322684114e-7, 8.683951890908759e-10
0.999974250793457, 7.043518213123434e-9, 0.000024310224034707062, 1.8843177018723622e-11, 0.000001219035652866296, 4.7255832669179654e-7, 6.749606207279157e-9
0.9999113082885742, 2.6747422054995695e-8, 0.000054814143368275836, 8.007739610293996e-11, 0.000013238448445918038, 0.000020658932044170797, 3.246638158316273e-8
0.9999914765357971, 6.8114420770371e-9, 0.0000023539428184449207, 2.0628656768884035e-11, 0.0000038030900668672984, 0.000002497645255061798, 7.550296499125864e-10
0.9999933838844299, 2.52947359058453e-7, 6.3573826203366934e-9, 2.9655724490679214e-12, 0.0000060918910094187595, 8.116498406707251e-8, 4.363296529641403e-11
0.9997820854187012, 5.454436902141424e-9, 0.000004768056442117086, 2.2473446714688095e-12, 1.766410093750892e-7, 0.00021327100694179535, 2.74017891710443e-10
0.9952650666236877, 1.3947567545358197e-8, 0.002776262117549777, 3.5944345277982848e-9, 0.00002849216434697155, 0.0019299733685329556, 6.992765122504352e-8
0.9999914765357971, 3.007921023367999e-8, 0.000003572210971469758, 3.393787681438276e-11, 0.0000028142426344857085, 0.0000023171558041212847, 4.166210043621277e-9
0.997365415096283, 2.844026880666206e-8, 0.0025329249911010265, 9.46698719417327e-10, 8.7284951177935e-7, 0.00009667316771810874, 0.00000426661608798895
0.9999980926513672, 0.0000012338620081209228, 7.813875413376081e-7, 5.508463151761289e-13, 1.1379853503967752e-7, 4.141442744298729e-9, 2.557585920826e-9
0.9999685883522034, 2.1035123864976413e-8, 0.00002793709427351132, 1.3054809837320658e-11, 4.801386808139796e-7, 0.00000301090062748699, 1.5401332431608239e-9
0.9999842643737793, 1.4642655088437095e-8, 0.000010067696166515816, 1.605648114466618e-10, 4.994266760149912e-7, 0.0000054916858971409965, 2.611348248748868e-9
0.9999871850013733, 5.959408611033723e-8, 8.669886142342875e-7, 1.039926200707697e-10, 0.000010010267033067066, 0.0000021742735043517314, 4.6962305155773265e-9
0.9985591173171997, 1.5872773928560235e-10, 0.00085319799836725, 2.3147160577163817e-10, 0.000003058309175685281, 0.0005847119027748704, 2.8417983521933365e-9
0.9994851350784302, 1.103622526699155e-8, 0.00037757185054942966, 1.9655828076281523e-9, 0.000006581587967957603, 0.00013079743075650185, 2.496216033875953e-8
0.999939501285553, 3.0402089734593574e-9, 0.00004418562093633227, 1.4292908870339183e-11, 6.233126441657078e-7, 0.000015820069165783934, 4.611496962070305e-9
0.9950595498085022, 1.7131958074401155e-8, 0.004258509259670973, 3.8762124177083024e-8, 0.00007003371138125658, 0.0006113885319791734, 4.372055286694376e-7
0.9811785817146301, 3.934191283860855e-8, 0.018672669306397438, 1.479003475246543e-9, 0.00000889703460416058, 0.00013596666394732893, 0.0000038392918213503435
0.9973204135894775, 4.3225359291909626e-8, 0.002641672035679221, 4.104866169196697e-10, 0.00001488631187385181, 0.000017417474737158045, 0.0000054465958783112
0.9977928400039673, 2.4193679948325553e-8, 0.0020750726107507944, 2.0929378230505336e-9, 0.00003704073606058955, 0.00009486141061643139, 3.882495036577893e-7
0.9995790719985962, 2.0183473736778978e-7, 0.00037698453525081277, 1.788009962311321e-9, 0.00003851844303426333, 0.000005108480308990693, 2.2555086331976781e-7
0.9960635900497437, 3.1126432986638974e-7, 0.0035709755029529333, 1.9012034613297146e-8, 0.00018825902952812612, 0.00017012062016874552, 0.000006535502507176716
0.9998445510864258, 1.6618788833966391e-7, 0.000126880215248093, 9.805526390849195e-10, 0.000005800890448881546, 0.00002245198265882209, 1.5970545064192265e-7
0.9858740568161011, 4.6078401538807157e-8, 0.012948669493198395, 1.3213830030167628e-8, 0.00001893961598398164, 0.001155302976258099, 0.000002960369556603837
0.9969638586044312, 0.0000016324592024830054, 0.0029237931594252586, 2.4190033087734264e-8, 0.00004745673868455924, 0.0000531375699210912, 0.000010327998097636737
0.9919909238815308, 0.000006087575911806198, 0.0078362375497818, 5.148062243165441e-8, 0.00010499470954528078, 0.000008961490493675228, 0.000052711591706611216
0.9997063279151917, 0.000001580461002959055, 0.00016972814046312124, 8.269394058402213e-9, 0.00003867783379973844, 0.0000067063228925690055, 0.00007720195571891963
0.9999209046363831, 0.0000035207203836762346, 0.000059497404436115175, 1.574396613079898e-8, 0.00000883882512425771, 0.0000060576458054129034, 0.000001403838041369454
0.9986286163330078, 0.000004784195880347397, 0.0012318131048232317, 3.3448952052594905e-8, 0.00010786169877974316, 0.000012563822565425653, 0.000014522428500640672
0.9991680979728699, 0.000041075876652030274, 0.000032220461434917524, 0.000010887116332014557, 0.0006905380869284272, 0.0000010358767212892417, 0.00005615745249087922
0.9999256134033203, 0.0000050499793360359035, 0.00004214598084217869, 2.1392339011327977e-9, 0.000024597469746368006, 0.0000019744666133192368, 7.196085221039539e-7
0.9913024306297302, 0.00004269138298695907, 0.008310612291097641, 1.7054399847893364e-7, 0.0002357687772018835, 0.00006638807099079713, 0.00004212330895825289
0.9966644048690796, 0.000004395411451696418, 0.0032022416125983, 1.648072789350863e-8, 0.00011294029536657035, 0.0000097794900284498, 0.000006485768608399667
0.9990639686584473, 0.000001168041080745752, 0.0008368412964046001, 1.0640414771501128e-8, 0.00009235785546479747, 0.000005390590104070725, 2.3634100898561883e-7
0.9995529055595398, 0.0000010885893289014348, 0.0003843135782517493, 1.6340377939627615e-8, 0.000021184079741942696, 0.0000388059597753454, 0.0000018184238115281914
0.9996081590652466, 0.0000011576991028050543, 0.00035674459650181234, 1.0849715792460302e-8, 0.000018646071112016216, 0.000013178447261452675, 0.000001938308514581877
0.9999589920043945, 2.4410613264080894e-7, 0.00002302861503267195, 1.2780290159497554e-9, 0.000016725392924854532, 0.0000011923466445296071, 9.115806420822992e-8
0.996436595916748, 0.00000462123080069432, 0.0028431483078747988, 2.3946009264363965e-7, 0.0006252273451536894, 0.00007215147343231365, 0.00001827380583563354
0.9995090365409851, 0.000010361573913542088, 0.00026735980645753443, 1.7023291221107684e-8, 0.00020934078202117234, 0.000003591313088691095, 6.155216283332265e-7
0.9980607628822327, 0.000004727788564196089, 0.001916722860187292, 1.1459523996393273e-8, 0.000009390944796905387, 0.000004670138423534809, 0.000003674662139019347
0.9999923706054688, 1.979157815412691e-7, 0.000007189704319898738, 9.233707548572667e-12, 5.624231107503874e-7, 1.5598708102970704e-7, 1.3071439486367353e-9
0.9999723434448242, 0.000013254331861389801, 0.000010145232408831362, 3.547127702674402e-9, 6.521770501421997e-7, 0.0000014042798284208402, 0.0000022906747290107887
0.9999814033508301, 5.049225251241296e-7, 0.000006095032858866034, 2.679124066692906e-12, 4.2235875241658505e-8, 0.000011868451110785827, 9.241412635141444e-10
0.9992483258247375, 5.589317879639566e-7, 0.0005460362881422043, 6.596424295679526e-9, 0.00001611287189007271, 0.0001888688129838556, 2.0392714361605613e-7
0.9986764788627625, 0.00000111192787244363, 0.0011748296674340963, 2.9440201387842535e-7, 0.00011651891691144556, 0.00003013413333974313, 7.493700309169071e-7
0.967915415763855, 0.00000708080779077136, 0.031352389603853226, 2.8684621611319017e-7, 0.0002549946366343647, 0.0004373725678306073, 0.000032513733458472416
0.976677656173706, 0.0000072365751293546055, 0.022687284275889397, 1.7005834251904162e-7, 0.0001079248177120462, 0.000503301911521703, 0.00001653887375141494
0.9996143579483032, 0.000004126750354771502, 0.0002493377251084894, 3.055016151165546e-8, 0.00010098328493768349, 0.00002026912261499092, 0.000010776520866784267
0.9989243745803833, 8.837797054184193e-7, 0.0010274264495819807, 2.0717398907521556e-9, 0.000016741221770644188, 0.000030403671189560555, 2.9146795554879645e-7
0.9996815919876099, 2.516677852781868e-7, 0.0003118992899544537, 9.185138760692269e-10, 0.0000016533889493075549, 0.0000045245456021802966, 2.717518654549167e-8
0.9998693466186523, 0.00005892781700822525, 0.000005149484422872774, 4.268811970575825e-9, 8.035779330839432e-8, 0.00006641440995736048, 1.4961428007609356e-7
0.9999499917030334, 0.00004952710878569633, 7.264383157234988e-7, 1.497189733301596e-10, 5.7866287761498825e-8, 4.3534310378845475e-8, 1.0961946372844977e-7
0.9626204967498779, 0.005492188036441803, 0.01500742882490158, 0.00004762776370625943, 0.0025724179577082396, 0.0014026022981852293, 0.012857231311500072
0.9996501207351685, 4.418343451106921e-7, 0.00033615081338211894, 2.5468660513894292e-9, 0.000009345638318336569, 0.000004010421889688587, 6.882336833768932e-8
0.9988410472869873, 0.00007022828503977507, 0.0007035401067696512, 2.4861805059117614e-7, 0.000154563516844064, 0.00019075250020250678, 0.00003946722426917404
0.9995904564857483, 0.000011652893590508029, 0.00025170217850245535, 5.218548082552843e-8, 0.00012794521171599627, 0.0000067145738285034895, 0.000011573485608096235
0.9907821416854858, 0.000010842501978913788, 0.008915278129279613, 3.103287156136503e-7, 0.00006351958290906623, 0.00017029760056175292, 0.00005761611828347668
0.9998541474342346, 0.00011918610834982246, 0.00001800663085305132, 9.395081157492768e-9, 0.0000020729917196149472, 0.000006843864866823424, 5.073568942748352e-8
0.9999923706054688, 1.9501375447816827e-7, 0.0000030081473596510477, 4.563179695216135e-11, 0.000003985621788160643, 2.0005401779599197e-7, 8.058141531819274e-8
0.8686962723731995, 2.694247847045972e-8, 0.11294378340244293, 3.670418493584293e-7, 0.000012121043255319819, 0.018174542114138603, 0.00017302970809396356
0.9984003305435181, 0.000007124623152776621, 0.0006299159140326083, 0.0000016948554275586503, 0.00010590779857011512, 0.0003186114481650293, 0.0005362508818507195
0.9941837191581726, 0.000008000287380127702, 0.0005595253896899521, 0.000004389157311379677, 0.00005047275772085413, 0.0027380685787647963, 0.0024558280128985643
0.9989796280860901, 0.000010578668479865883, 0.0005829836591146886, 3.9227339243552706e-7, 0.000011702590200002305, 0.00032374265720136464, 0.00009102864714805037
0.9952973127365112, 0.000003921370080206543, 0.0019861324690282345, 3.702174637965072e-7, 0.00003276439747423865, 0.002611991483718157, 0.00006744421989424154
0.9904022216796875, 0.00007656757952645421, 0.007029548287391663, 0.0000031711394967715023, 0.0001368540251860395, 0.0014264605706557631, 0.0009250828297808766
0.9972500801086426, 0.00006070572999306023, 0.0018816596129909158, 3.051923727070971e-7, 0.00043613946763798594, 0.00017745707009453326, 0.00019346382759977132
0.9998817443847656, 0.0000011199479104107013, 0.00008014621562324464, 2.802369669652194e-9, 0.000029200484277680516, 0.000006371652489178814, 0.0000014156787528918358
0.999765932559967, 0.00001119265471061226, 0.00018573466513771564, 5.954266413255027e-9, 0.000017853628378361464, 0.0000184467662620591, 8.412669671997719e-7
0.9996038675308228, 0.0000022590509161091177, 0.00034804680035449564, 3.1229319130687827e-9, 0.000009658885574026499, 0.00003115434083156288, 0.000005129643341206247
0.9879669547080994, 0.000003698060254464508, 0.007018072996288538, 7.725515729362087e-7, 0.000014304777323559392, 0.004884240683168173, 0.00011201106826774776
0.9933167099952698, 5.240388532001816e-7, 0.006642825435847044, 1.082356959614117e-8, 0.0000071268373176280875, 0.000020683391994680278, 0.00001228240489581367
0.9989970326423645, 0.0000015804819213371957, 0.0008126761531457305, 9.714120174919572e-9, 0.00001784488449629862, 0.00015142840857151896, 0.000019390747183933854
0.999667227268219, 8.896952863324259e-7, 0.000257022533332929, 1.842707431087831e-9, 0.00007207057933555916, 0.0000019031344891118351, 0.0000011536883448570734
0.9970178008079529, 0.0000011940439890167909, 0.0024344539269804955, 9.9302837952564e-8, 0.00003104870847892016, 0.0005029463791288435, 0.000012526240425358992
0.9988033771514893, 0.000010175966963288374, 0.0011074910871684551, 6.890758896815896e-8, 0.00002861034772649873, 0.00004432068453752436, 0.000006096523975429591
0.9294617176055908, 5.298202268022578e-7, 0.06926414370536804, 3.589082453459014e-8, 0.000013084266356599983, 0.0012460838770493865, 0.000014516152077703737
0.7864651083946228, 7.141608193705906e-8, 0.2126779705286026, 4.669657727163212e-8, 0.000007910939530120231, 0.0008143819868564606, 0.000034626282285898924
0.8412654995918274, 1.529328557126064e-7, 0.15852981805801392, 2.121823605705231e-8, 0.00002130671236955095, 0.00014490178728010505, 0.000038154208596097305
0.9979374408721924, 0.000002050189777946798, 0.0020008136052638292, 2.145936095487855e-9, 0.0000018994545598616241, 0.000019640250684460625, 0.00003789661423070356
0.998430073261261, 6.585601113329176e-7, 0.0015186065575107932, 9.717331383995997e-10, 0.0000101884461400914, 0.000008418387551500928, 0.000032090567401610315
0.9995900392532349, 0.000019249866454629228, 0.0003581987984944135, 5.544035452942353e-9, 0.000003513977844704641, 0.00002609723924251739, 0.0000028388162718329113
0.971271276473999, 2.9615441121677577e-7, 0.028376327827572823, 3.5893295002864534e-9, 0.0000053338767429522704, 0.00032804530928842723, 0.000018611284758662805
0.998540997505188, 4.6706574607924267e-7, 0.001392833422869444, 2.964725132059698e-9, 0.000005470519226946635, 0.00003389280755072832, 0.000026319061362301
0.9868020415306091, 4.912475333185284e-7, 0.012917421758174896, 2.0798824884593614e-9, 0.000004438495125214104, 0.000054358377383323386, 0.00022135158360470086
0.9951390624046326, 2.3358381895377534e-7, 0.004391056019812822, 1.1608196182066877e-8, 0.0000068911404014215805, 0.00038504437543451786, 0.0000775718071963638
0.9599583745002747, 3.2476725664309924e-7, 0.03867251053452492, 4.18921928257987e-8, 0.000010034873412223533, 0.0012104971101507545, 0.0001482576917624101
0.9133762717247009, 0.0000010374542398494668, 0.0799265205860138, 1.692119582230589e-7, 0.00002599513936729636, 0.0066370731219649315, 0.00003280019882367924
0.9958634376525879, 0.0000011887217397088534, 0.004029090981930494, 1.5661093533125836e-9, 0.000003889615527441492, 0.00010051516437670216, 0.0000020812519778701244
0.9980530738830566, 1.5479739090551448e-7, 0.0016836106078699231, 2.7020956139267582e-8, 0.00020077255612704903, 0.00003047530299227219, 0.000031788524211151525
0.9996730089187622, 0.0000050865442062786315, 0.00028902836493216455, 1.9765979075714313e-8, 0.000012782653357135132, 0.000010632384146447293, 0.000009435809261049144
0.998823881149292, 0.000027944555768044665, 0.0005190093070268631, 1.4379484980509005e-7, 0.0006141027552075684, 0.00001141096254286822, 0.000003643301170086488
0.9983243942260742, 0.00000537698815605836, 0.0014194933464750648, 7.255255951577055e-8, 0.00023833801969885826, 0.000009585510269971564, 0.000002661359076228109
0.9792461395263672, 0.000010541615665715653, 0.019586022943258286, 7.070191259117564e-7, 0.00019826655625365674, 0.0007781956228427589, 0.0001801605976652354
0.9995514154434204, 0.000015521593013545498, 0.0003244236868340522, 1.2245941150013095e-8, 0.00010246422607451677, 0.0000018532126659920323, 0.000004024311238026712
0.999873161315918, 0.0000012070718184986617, 0.00009278296056436375, 5.097086752670066e-9, 0.000006599868811463239, 0.000024883373043849133, 0.000001539225081614859
0.9549189805984497, 1.3726348413456435e-7, 0.04329890385270119, 6.896546267398662e-8, 0.00002293557918164879, 0.0015712408348917961, 0.00018777356308419257
0.9993874430656433, 7.81543576522381e-8, 0.0005639296723529696, 1.7105638017156366e-9, 0.0000012360466143945814, 0.0000464059594378341, 7.179759222708526e-7
0.9842882752418518, 0.0000012161043514424819, 0.01501279603689909, 2.1532821392611368e-7, 0.00004624977373168804, 0.0006204739911481738, 0.00003089671008638106
0.9765397310256958, 0.000001952652837644564, 0.019266055896878242, 3.1439179792869254e-7, 0.00011946628364967182, 0.004040759056806564, 0.00003158728941343725
0.9660770893096924, 4.427881350466123e-8, 0.011029712855815887, 2.3278474259313953e-7, 0.000057989080232800916, 0.022834280505776405, 7.126922128009028e-7
0.9185491800308228, 0.0002758466580417007, 0.0043253591284155846, 0.0009485037298873067, 0.07469935715198517, 0.0006652812007814646, 0.0005365359829738736
0.913464367389679, 0.000002602576387289446, 0.004438840784132481, 0.0000029207435545686167, 0.00018754754273686558, 0.08187425136566162, 0.00002960510209959466
0.9935329556465149, 1.333180108531451e-7, 0.006148838438093662, 1.1028028268356138e-8, 0.0000021319999632396502, 0.00031531418790109456, 6.44284966710984e-7
0.9999923706054688, 7.321297630369372e-7, 0.000003950917289330391, 3.61991991937316e-10, 0.000002680175384739414, 1.9424233244080824e-7, 1.8432263004797278e-7
0.9999914765357971, 0.000006680395017610863, 0.0000012080025726390886, 1.58463547839105e-10, 3.6576253137354797e-7, 4.303945999595271e-8, 2.4195404080273875e-7
0.9999885559082031, 0.000010063317859021481, 8.567620852772961e-7, 2.3839404408865228e-11, 6.978975619631456e-8, 2.3355048028861347e-7, 2.5723335284055793e-7
0.999971866607666, 8.326318265972077e-7, 0.000024616630980744958, 1.35006589241371e-10, 3.647190567335201e-7, 8.48350282467436e-7, 0.0000014072609246795764
0.9999866485595703, 0.0000023231157229020027, 0.0000050815974645956885, 1.6787812806562386e-10, 0.000005153182428330183, 1.5622752869148826e-7, 5.915841256864951e-7
0.9999204277992249, 9.881525642185807e-8, 0.0000783142022555694, 9.980365492379129e-12, 1.654278918294949e-7, 0.0000010549423450356699, 2.434943553453195e-7
0.9996753931045532, 4.697881763604528e-7, 0.00031710657640360296, 1.516806263923698e-10, 3.4094145462404413e-7, 0.000006462777491833549, 4.317949446885905e-7
0.9999604821205139, 8.142949070588656e-8, 0.00003845400351565331, 1.6896274310229664e-11, 1.5431189126502431e-7, 7.725679438408406e-7, 1.460968519495509e-7
0.9993841648101807, 0.0000010575760143183288, 0.0005987383192405105, 1.7443104738390502e-9, 0.0000015636824173270725, 0.000012929400327266194, 0.0000015558895256617689
0.9989408254623413, 1.568262035789303e-7, 0.0009054080583155155, 4.958562449530746e-9, 0.00012305784912314266, 0.000025478708266746253, 0.000005132886144565418
0.9985862970352173, 0.0000010541350548010087, 0.0012659141793847084, 3.891627020635724e-9, 0.000005190083356865216, 0.000028496495360741392, 0.00011313711002003402
0.9998202919960022, 0.000004071877810929436, 0.00006131045665824786, 8.11704570224947e-9, 0.00011401598021620885, 4.1287754015684186e-7, 2.915978747353165e-8
0.7642005681991577, 0.06426205486059189, 0.0006263455143198371, 0.004834766499698162, 0.0014848454156890512, 0.1645892709493637, 0.0000022253705083130626
0.011045253835618496, 0.9871336221694946, 0.000004429016826179577, 0.00007854833529563621, 0.000006541787115565967, 0.0017280064057558775, 0.0000035620714697870426
0.61122727394104, 0.38853275775909424, 0.00002427972503937781, 0.000023968050300027244, 0.00010180784011026844, 0.00008974882075563073, 2.4461431991085192e-8
0.9998603463172913, 1.6571027883216516e-9, 0.00002525204763514921, 2.707119639566713e-9, 2.3254912662196148e-7, 0.00011437817011028528, 5.197547725543927e-9
0.9999204277992249, 3.065749965003306e-8, 0.00007722706504864618, 2.553272003547047e-11, 9.231446824742306e-7, 0.0000014966392427595565, 5.456939788928139e-8
0.9999713897705078, 5.836885748067289e-7, 0.000024710752768442035, 2.96339341954166e-12, 6.171251953901447e-8, 0.0000034410088574077236, 5.343243181243906e-9
0.9999909400939941, 0.000004672392606153153, 1.7300891386184958e-7, 2.2558909601455568e-11, 6.900084770222747e-8, 0.0000042328106246714015, 2.2890581874435156e-8
0.9999899864196777, 7.239370436451509e-9, 1.2025927276226867e-7, 9.498969666399404e-11, 0.0000041407083699596114, 0.000005658067493641283, 3.904836454182714e-9
0.9997268319129944, 4.4908095020446126e-8, 0.0000024352686978090787, 7.914988486845687e-8, 0.000001403548480993777, 0.00026934657944366336, 1.289891110589636e-10
0.9999699592590332, 2.8403182028569063e-8, 0.000027266178221907467, 7.542305321961429e-12, 7.940772661640949e-8, 0.000002828214746841695, 1.631684831693292e-8
0.998629093170166, 1.4752871146939128e-9, 0.001198690733872354, 1.5870087188840643e-10, 3.700608601775457e-7, 0.0001720676082186401, 1.3448800295634555e-8
0.9610557556152344, 6.023155751933018e-9, 0.0012028985656797886, 1.652914960459384e-8, 0.000015099691154318862, 0.03772609308362007, 3.68787098636858e-8
0.9993481636047363, 1.7346789604744117e-7, 0.00020592668442986906, 1.270584171209066e-8, 0.000030085688194958493, 0.00041345457429997623, 0.0000020297522951295832
0.9999451637268066, 2.7214626996396873e-8, 0.00000872299187903991, 5.088556243038056e-10, 0.000001556210463604657, 0.00004456349051906727, 9.657916244520948e-9
0.9968433380126953, 0.0000015149461205510306, 0.00023861389490775764, 8.064034773269668e-8, 0.0029108263552188873, 0.000005386479642766062, 3.105224379851279e-7
0.9998650550842285, 0.0000013737221706833225, 0.00011490508040878922, 9.872621609119392e-10, 0.000011657778486551251, 0.000002375225449213758, 0.000004582706424116623
0.9999985694885254, 1.101819080417954e-7, 9.56014787334425e-7, 6.608750439257571e-12, 2.1182415821385803e-7, 1.6760068888288515e-7, 4.935559960728142e-9
0.9999990463256836, 2.466654436261706e-8, 1.0934546423868596e-7, 4.3670248623881025e-13, 1.0795772453775498e-7, 7.306580869226309e-7, 3.4844310770054676e-10
0.9999990463256836, 5.85595527624605e-9, 3.3457089898547565e-7, 2.0809087959705597e-12, 9.700567460413367e-8, 7.694517876188911e-7, 1.683248401773696e-10